1951,87.094479,4.2726115,1,0,0,0,0,0,0,0,0,0,0,0,0,0,0,0,0,0,0
1952,86.066438,.9046516,1,0,0,0,0,0,0,0,0,0,0,0,0,0,0,0,0,0,0
1953,79.865022,3.1192803,1,0,0,0,0,0,0,0,0,0,0,0,0,0,0,0,0,0,0
1954,76.846703,6.2168138,1,0,0,0,0,0,0,0,0,0,0,0,0,0,0,0,0,0,0
1955,74.980502,5.4620897,1,0,0,0,0,0,0,0,0,0,0,0,0,0,0,0,0,0,0
1956,71.818266,3.4416081,1,0,0,0,0,0,0,0,0,0,0,0,0,0,0,0,0,0,0
1957,67.723763,2.0030117,1,0,0,0,0,0,0,0,0,0,0,0,0,0,0,0,0,0,0
1958,66.049751,4.8029322,1,0,0,0,0,0,0,0,0,0,0,0,0,0,0,0,0,0,0
1959,62.388451,6.1565737,1,0,0,0,0,0,0,0,0,0,0,0,0,0,0,0,0,0,0
1960,48.33638,4.1912126,1,0,0,0,0,0,0,0,0,0,0,0,0,0,0,0,0,0,0
1961,49.378114,.68946588,1,0,0,0,0,0,0,0,0,0,0,0,0,0,0,0,0,0,0
1962,50.330761,6.2488415,1,0,0,0,0,0,0,0,0,0,0,0,0,0,0,0,0,0,0
1963,47.587531,6.1255696,1,0,0,0,0,0,0,0,0,0,0,0,0,0,0,0,0,0,0
1964,45.011526,6.8414996,1,0,0,0,0,0,0,0,0,0,0,0,0,0,0,0,0,0,0
1965,43.739037,5.107342,1,0,0,0,0,0,0,0,0,0,0,0,0,0,0,0,0,0,0
1966,42.481233,2.783064,1,0,0,0,0,0,0,0,0,0,0,0,0,0,0,0,0,0,0
1967,40.534481,6.7516735,1,0,0,0,0,0,0,0,0,0,0,0,0,0,0,0,0,0,0
1968,39.494267,5.8788906,1,0,0,0,0,0,0,0,0,0,0,0,0,0,0,0,0,0,0
1969,36.800776,6.0816971,1,0,0,0,0,0,0,0,0,0,0,0,0,0,0,0,0,0,0
1970,34.963591,6.359787,1,0,0,0,0,0,0,0,0,0,0,0,0,0,0,0,0,0,0
1971,32.289872,4.4488241,1,0,0,0,0,0,0,0,0,0,0,0,0,0,0,0,0,0,0
1972,30.721744,2.8058015,1,0,0,0,0,0,0,0,0,0,0,0,0,0,0,0,0,0,0
1973,27.361467,5.4211302,1,0,0,0,0,0,0,0,0,0,0,0,0,0,0,0,0,0,0
1974,22.366394,2.479195,1,0,0,0,0,0,0,0,0,0,0,0,0,0,0,0,0,0,0
1975,23.636847,2.7074627,1,0,0,0,0,0,0,0,0,0,0,0,0,0,0,0,0,0,0
1976,22.982349,4.0310531,1,0,0,0,0,0,0,0,0,0,0,0,0,0,0,0,0,0,0
1977,23.63891,1.0467569,1,0,0,0,0,0,0,0,0,0,0,0,0,0,0,0,0,0,0
1978,24.732892,2.9010821,1,0,0,0,0,0,0,0,0,0,0,0,0,0,0,0,0,0,0
1979,20.872195,5.2659748,1,0,0,0,0,0,0,0,0,0,0,0,0,0,0,0,0,0,0
1980,19.124088,1.9984021,1,0,0,0,0,0,0,0,0,0,0,0,0,0,0,0,0,0,0
1981,16.176845,4.1557516,1,0,0,0,0,0,0,0,0,0,0,0,0,0,0,0,0,0,0
1982,15.043615,-.00974001,1,0,0,0,0,0,0,0,0,0,0,0,0,0,0,0,0,0,0
1983,17.579696,-.5260116,1,0,0,0,0,0,0,0,0,0,0,0,0,0,0,0,0,0,0
1984,20.062924,6.4144998,1,0,0,0,0,0,0,0,0,0,0,0,0,0,0,0,0,0,0
1985,21.424017,5.7161963,1,0,0,0,0,0,0,0,0,0,0,0,0,0,0,0,0,0,0
1986,21.491708,2.1105796,1,0,0,0,0,0,0,0,0,0,0,0,0,0,0,0,0,0,0
1987,19.993912,4.396281,1,0,0,0,0,0,0,0,0,0,0,0,0,0,0,0,0,0,0
1988,16.293593,4.0304127,1,0,0,0,0,0,0,0,0,0,0,0,0,0,0,0,0,0,0
1989,12.49833,4.5749491,1,0,0,0,0,0,0,0,0,0,0,0,0,0,0,0,0,0,0
1990,10.331201,1.6044395,1,0,0,0,0,0,0,0,0,0,0,0,0,0,0,0,0,0,0
1991,9.3083214,-1.250117,1,0,0,0,0,0,0,0,0,0,0,0,0,0,0,0,0,0,0
1992,10.865717,2.1122874,1,0,0,0,0,0,0,0,0,0,0,0,0,0,0,0,0,0,0
1993,13.814962,3.8972118,1,0,0,0,0,0,0,0,0,0,0,0,0,0,0,0,0,0,0
1994,15.918475,5.0135387,1,0,0,0,0,0,0,0,0,0,0,0,0,0,0,0,0,0,0
1995,18.383456,3.4888319,1,0,0,0,0,0,0,0,0,0,0,0,0,0,0,0,0,0,0
1996,17.775323,4.281607,1,0,0,0,0,0,0,0,0,0,0,0,0,0,0,0,0,0,0
1997,17.412325,3.9969969,1,0,0,0,0,0,0,0,0,0,0,0,0,0,0,0,0,0,0
1998,14.586138,5.0513793,1,0,0,0,0,0,0,0,0,0,0,0,0,0,0,0,0,0,0
1999,13.216049,4.4017237,1,0,0,0,0,0,0,0,0,0,0,0,0,0,0,0,0,0,0
2000,11.106018,3.4261296,1,0,0,0,0,0,0,0,0,0,0,0,0,0,0,0,0,0,0
2001,9.2397826,2.0893402,1,0,0,0,0,0,0,0,0,0,0,0,0,0,0,0,0,0,0
2002,8.2277779,4.2473485,1,0,0,0,0,0,0,0,0,0,0,0,0,0,0,0,0,0,0
2003,7.031335,2.9659398,1,0,0,0,0,0,0,0,0,0,0,0,0,0,0,0,0,0,0
2004,6.271351,3.8422786,1,0,0,0,0,0,0,0,0,0,0,0,0,0,0,0,0,0,0
2005,5.8920133,2.7591947,1,0,0,0,0,0,0,0,0,0,0,0,0,0,0,0,0,0,0
2006,5.3925664,2.840372,1,0,0,0,0,0,0,0,0,0,0,0,0,0,0,0,0,0,0
2007,4.9054301,4.0487803,1,0,0,0,0,0,0,0,0,0,0,0,0,0,0,0,0,0,0
2008,4.6778871,2.354224,1,0,0,0,0,0,0,0,0,0,0,0,0,0,0,0,0,0,0
2009,8.4182698,.73224974,1,0,0,0,0,0,0,0,0,0,0,0,0,0,0,0,0,0,0
1948,35.202283,27.329193,0,1,0,0,0,0,0,0,0,0,0,0,0,0,0,0,0,0,0
1949,26.448141,18.902439,0,1,0,0,0,0,0,0,0,0,0,0,0,0,0,0,0,0,0
1950,22.144398,12.408962,0,1,0,0,0,0,0,0,0,0,0,0,0,0,0,0,0,0,0
1951,15.264331,6.8399346,0,1,0,0,0,0,0,0,0,0,0,0,0,0,0,0,0,0,0
1952,13.580401,.08739985,0,1,0,0,0,0,0,0,0,0,0,0,0,0,0,0,0,0,0
1953,16.565806,4.3516228,0,1,0,0,0,0,0,0,0,0,0,0,0,0,0,0,0,0,0
1954,14.2681,10.219665,0,1,0,0,0,0,0,0,0,0,0,0,0,0,0,0,0,0,0
1955,11.894732,11.053114,0,1,0,0,0,0,0,0,0,0,0,0,0,0,0,0,0,0,0
1956,10.923819,6.8793619,0,1,0,0,0,0,0,0,0,0,0,0,0,0,0,0,0,0,0
1957,8.3042691,6.1247335,0,1,0,0,0,0,0,0,0,0,0,0,0,0,0,0,0,0,0
1958,11.592758,3.6516148,0,1,0,0,0,0,0,0,0,0,0,0,0,0,0,0,0,0,0
1959,13.519904,2.8421206,0,1,0,0,0,0,0,0,0,0,0,0,0,0,0,0,0,0,0
1960,13.56851,8.2318294,0,1,0,0,0,0,0,0,0,0,0,0,0,0,0,0,0,0,0
1961,12.392054,5.3092144,0,1,0,0,0,0,0,0,0,0,0,0,0,0,0,0,0,0,0
1962,11.96627,2.4225888,0,1,0,0,0,0,0,0,0,0,0,0,0,0,0,0,0,0,0
1963,12.088617,4.0706357,0,1,0,0,0,0,0,0,0,0,0,0,0,0,0,0,0,0,0
1964,12.04366,6.0019004,0,1,0,0,0,0,0,0,0,0,0,0,0,0,0,0,0,0,0
1965,11.4714,2.8758553,0,1,0,0,0,0,0,0,0,0,0,0,0,0,0,0,0,0,0
1966,10.978289,5.6282676,0,1,0,0,0,0,0,0,0,0,0,0,0,0,0,0,0,0,0
1967,12.107069,3.0404552,0,1,0,0,0,0,0,0,0,0,0,0,0,0,0,0,0,0,0
1968,12.984291,4.4440814,0,1,0,0,0,0,0,0,0,0,0,0,0,0,0,0,0,0,0
1969,13.016119,6.2886195,0,1,0,0,0,0,0,0,0,0,0,0,0,0,0,0,0,0,0
1970,10.583438,7.1234086,0,1,0,0,0,0,0,0,0,0,0,0,0,0,0,0,0,0,0
1971,9.2769383,5.1123171,0,1,0,0,0,0,0,0,0,0,0,0,0,0,0,0,0,0,0
1972,8.938241,6.2086634,0,1,0,0,0,0,0,0,0,0,0,0,0,0,0,0,0,0,0
1973,9.1861935,4.8870237,0,1,0,0,0,0,0,0,0,0,0,0,0,0,0,0,0,0,0
1974,8.8758907,3.943586,0,1,0,0,0,0,0,0,0,0,0,0,0,0,0,0,0,0,0
1975,12.799352,-.36235156,0,1,0,0,0,0,0,0,0,0,0,0,0,0,0,0,0,0,0
1976,15.181059,4.577022,0,1,0,0,0,0,0,0,0,0,0,0,0,0,0,0,0,0,0
1977,16.425514,4.6767851,0,1,0,0,0,0,0,0,0,0,0,0,0,0,0,0,0,0,0
1978,18.856048,-.36326379,0,1,0,0,0,0,0,0,0,0,0,0,0,0,0,0,0,0,0
1979,23.588178,5.4553198,0,1,0,0,0,0,0,0,0,0,0,0,0,0,0,0,0,0,0
1980,25.201147,2.314,0,1,0,0,0,0,0,0,0,0,0,0,0,0,0,0,0,0,0
1981,26.762285,-.099,0,1,0,0,0,0,0,0,0,0,0,0,0,0,0,0,0,0,0
1982,28.842311,1.908,0,1,0,0,0,0,0,0,0,0,0,0,0,0,0,0,0,0,0
1983,32.977529,2.804,0,1,0,0,0,0,0,0,0,0,0,0,0,0,0,0,0,0,0
1984,35.458275,.332,0,1,0,0,0,0,0,0,0,0,0,0,0,0,0,0,0,0,0
1985,37.640914,2.243,0,1,0,0,0,0,0,0,0,0,0,0,0,0,0,0,0,0,0
1986,42.027844,2.341,0,1,0,0,0,0,0,0,0,0,0,0,0,0,0,0,0,0,0
1987,45.771894,1.681,0,1,0,0,0,0,0,0,0,0,0,0,0,0,0,0,0,0,0
1988,45.759896,.961,0,1,0,0,0,0,0,0,0,0,0,0,0,0,0,0,0,0,0
1989,45.847393,3.742,0,1,0,0,0,0,0,0,0,0,0,0,0,0,0,0,0,0,0
1990,45.969181,4.171,0,1,0,0,0,0,0,0,0,0,0,0,0,0,0,0,0,0,0
1991,46.650877,3.338,0,1,0,0,0,0,0,0,0,0,0,0,0,0,0,0,0,0,0
1992,46.749499,1.888,0,1,0,0,0,0,0,0,0,0,0,0,0,0,0,0,0,0,0
1993,50.591229,.374,0,1,0,0,0,0,0,0,0,0,0,0,0,0,0,0,0,0,0
1994,53.33034,2.213,0,1,0,0,0,0,0,0,0,0,0,0,0,0,0,0,0,0,0
1995,55.869838,2.539,0,1,0,0,0,0,0,0,0,0,0,0,0,0,0,0,0,0,0
1996,56.349153,2.23,0,1,0,0,0,0,0,0,0,0,0,0,0,0,0,0,0,0,0
1997,58.458688,2.126,0,1,0,0,0,0,0,0,0,0,0,0,0,0,0,0,0,0,0
1998,58.476508,3.595,0,1,0,0,0,0,0,0,0,0,0,0,0,0,0,0,0,0,0
1999,59.589148,3.34,0,1,0,0,0,0,0,0,0,0,0,0,0,0,0,0,0,0,0
2000,58.163437,3.651,0,1,0,0,0,0,0,0,0,0,0,0,0,0,0,0,0,0,0
2001,57.135798,.52,0,1,0,0,0,0,0,0,0,0,0,0,0,0,0,0,0,0,0
2002,56.638854,1.647,0,1,0,0,0,0,0,0,0,0,0,0,0,0,0,0,0,0,0
2003,56.819016,.801,0,1,0,0,0,0,0,0,0,0,0,0,0,0,0,0,0,0,0
2004,58.230877,2.545,0,1,0,0,0,0,0,0,0,0,0,0,0,0,0,0,0,0,0
2005,58.020404,2.46,0,1,0,0,0,0,0,0,0,0,0,0,0,0,0,0,0,0,0
2006,56.708255,3.46,0,1,0,0,0,0,0,0,0,0,0,0,0,0,0,0,0,0,0
2007,54.42607,3.547,0,1,0,0,0,0,0,0,0,0,0,0,0,0,0,0,0,0,0
2008,57.463423,2.048,0,1,0,0,0,0,0,0,0,0,0,0,0,0,0,0,0,0,0
2009,62.167357,-3.824,0,1,0,0,0,0,0,0,0,0,0,0,0,0,0,0,0,0,0
1947,98.642061,15.216304,0,0,1,0,0,0,0,0,0,0,0,0,0,0,0,0,0,0,0
1948,74.240507,11.440555,0,0,1,0,0,0,0,0,0,0,0,0,0,0,0,0,0,0,0
1949,78.254059,-1.3066344,0,0,1,0,0,0,0,0,0,0,0,0,0,0,0,0,0,0,0
1950,73.682875,5.6413159,0,0,1,0,0,0,0,0,0,0,0,0,0,0,0,0,0,0,0
1951,64.471669,7.0330651,0,0,1,0,0,0,0,0,0,0,0,0,0,0,0,0,0,0,0
1952,66.253866,-.42952317,0,0,1,0,0,0,0,0,0,0,0,0,0,0,0,0,0,0,0
1953,68.460096,2.9310797,0,0,1,0,0,0,0,0,0,0,0,0,0,0,0,0,0,0,0
1954,69.861413,-1.2687298,0,0,1,0,0,0,0,0,0,0,0,0,0,0,0,0,0,0,0
1955,68.624334,5.1495129,0,0,1,0,0,0,0,0,0,0,0,0,0,0,0,0,0,0,0
1956,65.889981,2.4321605,0,0,1,0,0,0,0,0,0,0,0,0,0,0,0,0,0,0,0
1957,62.838313,3.0461417,0,0,1,0,0,0,0,0,0,0,0,0,0,0,0,0,0,0,0
1958,67.168596,-1.4946074,0,0,1,0,0,0,0,0,0,0,0,0,0,0,0,0,0,0,0
1959,70.280218,2.587427,0,0,1,0,0,0,0,0,0,0,0,0,0,0,0,0,0,0,0
1960,69.66919,6.4281574,0,0,1,0,0,0,0,0,0,0,0,0,0,0,0,0,0,0,0
1961,67.975231,4.9635875,0,0,1,0,0,0,0,0,0,0,0,0,0,0,0,0,0,0,0
1962,65.661573,4.6009615,0,0,1,0,0,0,0,0,0,0,0,0,0,0,0,0,0,0,0
1963,63.850104,6.1846233,0,0,1,0,0,0,0,0,0,0,0,0,0,0,0,0,0,0,0
1964,59.368721,7.1510469,0,0,1,0,0,0,0,0,0,0,0,0,0,0,0,0,0,0,0
1965,57.698707,3.4424708,0,0,1,0,0,0,0,0,0,0,0,0,0,0,0,0,0,0,0
1966,55.332606,3.7586777,0,0,1,0,0,0,0,0,0,0,0,0,0,0,0,0,0,0,0
1967,54.076769,3.3451116,0,0,1,0,0,0,0,0,0,0,0,0,0,0,0,0,0,0,0
1968,54.79402,5.2039898,0,0,1,0,0,0,0,0,0,0,0,0,0,0,0,0,0,0,0
1969,52.217863,7.5291216,0,0,1,0,0,0,0,0,0,0,0,0,0,0,0,0,0,0,0
1970,48.327892,5.0911776,0,0,1,0,0,0,0,0,0,0,0,0,0,0,0,0,0,0,0
1971,45.483163,4.9097568,0,0,1,0,0,0,0,0,0,0,0,0,0,0,0,0,0,0,0
1972,44.809805,6.3275468,0,0,1,0,0,0,0,0,0,0,0,0,0,0,0,0,0,0,0
1973,42.170877,7.4020996,0,0,1,0,0,0,0,0,0,0,0,0,0,0,0,0,0,0,0
1974,38.682666,3.1286895,0,0,1,0,0,0,0,0,0,0,0,0,0,0,0,0,0,0,0
1975,39.633803,-2.8967016,0,0,1,0,0,0,0,0,0,0,0,0,0,0,0,0,0,0,0
1976,39.384231,5.7150633,0,0,1,0,0,0,0,0,0,0,0,0,0,0,0,0,0,0,0
1977,42.209039,1.1166261,0,0,1,0,0,0,0,0,0,0,0,0,0,0,0,0,0,0,0
1978,45.534304,3.0823593,0,0,1,0,0,0,0,0,0,0,0,0,0,0,0,0,0,0,0
1979,49.233083,2.9432529,0,0,1,0,0,0,0,0,0,0,0,0,0,0,0,0,0,0,0
1980,55.245145,4.0078429,0,0,1,0,0,0,0,0,0,0,0,0,0,0,0,0,0,0,0
1981,65.401506,.14606596,0,0,1,0,0,0,0,0,0,0,0,0,0,0,0,0,0,0,0
1982,76.446715,.58071068,0,0,1,0,0,0,0,0,0,0,0,0,0,0,0,0,0,0,0
1983,86.851087,.39743707,0,0,1,0,0,0,0,0,0,0,0,0,0,0,0,0,0,0,0
1984,92.555986,2.1018226,0,0,1,0,0,0,0,0,0,0,0,0,0,0,0,0,0,0,0
1985,100.1315,1.8474081,0,0,1,0,0,0,0,0,0,0,0,0,0,0,0,0,0,0,0
1986,105.44099,1.8535095,0,0,1,0,0,0,0,0,0,0,0,0,0,0,0,0,0,0,0
1987,109.7643,2.3733402,0,0,1,0,0,0,0,0,0,0,0,0,0,0,0,0,0,0,0
1988,111.29725,4.5655928,0,0,1,0,0,0,0,0,0,0,0,0,0,0,0,0,0,0,0
1989,109.34901,3.6179368,0,0,1,0,0,0,0,0,0,0,0,0,0,0,0,0,0,0,0
1990,109.82982,3.0899951,0,0,1,0,0,0,0,0,0,0,0,0,0,0,0,0,0,0,0
1991,112.51976,1.8003693,0,0,1,0,0,0,0,0,0,0,0,0,0,0,0,0,0,0,0
1992,114.81513,1.3316036,0,0,1,0,0,0,0,0,0,0,0,0,0,0,0,0,0,0,0
1993,121.69222,-.69237785,0,0,1,0,0,0,0,0,0,0,0,0,0,0,0,0,0,0,0
1994,118.74487,3.2915671,0,0,1,0,0,0,0,0,0,0,0,0,0,0,0,0,0,0,0
1995,117.02723,4.2774253,0,0,1,0,0,0,0,0,0,0,0,0,0,0,0,0,0,0,0
1996,112.84012,.8902873,0,0,1,0,0,0,0,0,0,0,0,0,0,0,0,0,0,0,0
1997,109.89046,3.6872448,0,0,1,0,0,0,0,0,0,0,0,0,0,0,0,0,0,0,0
1998,105.34193,1.7300363,0,0,1,0,0,0,0,0,0,0,0,0,0,0,0,0,0,0,0
1999,103.64025,3.379789,0,0,1,0,0,0,0,0,0,0,0,0,0,0,0,0,0,0,0
2000,99.724731,3.795801,0,0,1,0,0,0,0,0,0,0,0,0,0,0,0,0,0,0,0
2001,99.332157,.76526141,0,0,1,0,0,0,0,0,0,0,0,0,0,0,0,0,0,0,0
2002,98.186513,1.4948947,0,0,1,0,0,0,0,0,0,0,0,0,0,0,0,0,0,0,0
2003,95.734482,1.013224,0,0,1,0,0,0,0,0,0,0,0,0,0,0,0,0,0,0,0
2004,93.349804,2.7825096,0,0,1,0,0,0,0,0,0,0,0,0,0,0,0,0,0,0,0
2005,91.841253,2.1703676,0,0,1,0,0,0,0,0,0,0,0,0,0,0,0,0,0,0,0
2006,87.389391,3.0151355,0,0,1,0,0,0,0,0,0,0,0,0,0,0,0,0,0,0,0
2007,85.341383,2.5987836,0,0,1,0,0,0,0,0,0,0,0,0,0,0,0,0,0,0,0
2008,90.373058,.96915815,0,0,1,0,0,0,0,0,0,0,0,0,0,0,0,0,0,0,0
2009,96.610997,-3.1823605,0,0,1,0,0,0,0,0,0,0,0,0,0,0,0,0,0,0,0
1951,89.091394,5.6732313,0,0,0,1,0,0,0,0,0,0,0,0,0,0,0,0,0,0,0
1952,81.125796,7.2767692,0,0,0,1,0,0,0,0,0,0,0,0,0,0,0,0,0,0,0
1953,82.601247,4.6729295,0,0,0,1,0,0,0,0,0,0,0,0,0,0,0,0,0,0,0
1954,77.01215,-.69125945,0,0,0,1,0,0,0,0,0,0,0,0,0,0,0,0,0,0,0
1955,72.332976,9.3388155,0,0,0,1,0,0,0,0,0,0,0,0,0,0,0,0,0,0,0
1956,68.086811,8.0899167,0,0,0,1,0,0,0,0,0,0,0,0,0,0,0,0,0,0,0
1957,61.412746,2.8956579,0,0,0,1,0,0,0,0,0,0,0,0,0,0,0,0,0,0,0
1958,61.731777,1.78891,0,0,0,1,0,0,0,0,0,0,0,0,0,0,0,0,0,0,0
1959,63.660443,4.0537911,0,0,0,1,0,0,0,0,0,0,0,0,0,0,0,0,0,0,0
1960,61.706697,3.1071442,0,0,0,1,0,0,0,0,0,0,0,0,0,0,0,0,0,0,0
1961,53.16346,2.9509632,0,0,0,1,0,0,0,0,0,0,0,0,0,0,0,0,0,0,0
1962,53.847973,7.0061605,0,0,0,1,0,0,0,0,0,0,0,0,0,0,0,0,0,0,0
1963,53.643153,5.0593312,0,0,0,1,0,0,0,0,0,0,0,0,0,0,0,0,0,0,0
1964,52.076131,6.5158532,0,0,0,1,0,0,0,0,0,0,0,0,0,0,0,0,0,0,0
1965,48.072652,6.6489767,0,0,0,1,0,0,0,0,0,0,0,0,0,0,0,0,0,0,0
1966,50.831058,6.4837324,0,0,0,1,0,0,0,0,0,0,0,0,0,0,0,0,0,0,0
1967,49.98995,3.0446942,0,0,0,1,0,0,0,0,0,0,0,0,0,0,0,0,0,0,0
1968,50.208627,5.2270353,0,0,0,1,0,0,0,0,0,0,0,0,0,0,0,0,0,0,0
1969,49.490046,5.2714635,0,0,0,1,0,0,0,0,0,0,0,0,0,0,0,0,0,0,0
1970,44.843948,2.583592,0,0,0,1,0,0,0,0,0,0,0,0,0,0,0,0,0,0,0
1971,44.8123,5.5689093,0,0,0,1,0,0,0,0,0,0,0,0,0,0,0,0,0,0,0
1972,44.470866,5.2838153,0,0,0,1,0,0,0,0,0,0,0,0,0,0,0,0,0,0,0
1973,41.314415,7.1613448,0,0,0,1,0,0,0,0,0,0,0,0,0,0,0,0,0,0,0
1974,37.814692,4.0848752,0,0,0,1,0,0,0,0,0,0,0,0,0,0,0,0,0,0,0
1975,37.070786,2.2592697,0,0,0,1,0,0,0,0,0,0,0,0,0,0,0,0,0,0,0
1976,36.276939,5.4768877,0,0,0,1,0,0,0,0,0,0,0,0,0,0,0,0,0,0,0
1977,36.40906,3.3606588,0,0,0,1,0,0,0,0,0,0,0,0,0,0,0,0,0,0,0
1978,34.140325,4.0439482,0,0,0,1,0,0,0,0,0,0,0,0,0,0,0,0,0,0,0
1979,37.763757,4.1568717,0,0,0,1,0,0,0,0,0,0,0,0,0,0,0,0,0,0,0
1980,35.148301,2.163,0,0,0,1,0,0,0,0,0,0,0,0,0,0,0,0,0,0,0
1981,35.381221,3.503,0,0,0,1,0,0,0,0,0,0,0,0,0,0,0,0,0,0,0
1982,36.200008,-2.859,0,0,0,1,0,0,0,0,0,0,0,0,0,0,0,0,0,0,0
1983,39.030611,2.718,0,0,0,1,0,0,0,0,0,0,0,0,0,0,0,0,0,0,0
1984,41.973625,5.814,0,0,0,1,0,0,0,0,0,0,0,0,0,0,0,0,0,0,0
1985,45.347663,4.78,0,0,0,1,0,0,0,0,0,0,0,0,0,0,0,0,0,0,0
1986,49.753106,2.421,0,0,0,1,0,0,0,0,0,0,0,0,0,0,0,0,0,0,0
1987,51.09871,4.253,0,0,0,1,0,0,0,0,0,0,0,0,0,0,0,0,0,0,0
1988,53.658716,4.974,0,0,0,1,0,0,0,0,0,0,0,0,0,0,0,0,0,0,0
1989,54.614665,2.619,0,0,0,1,0,0,0,0,0,0,0,0,0,0,0,0,0,0,0
1990,55.223246,.193,0,0,0,1,0,0,0,0,0,0,0,0,0,0,0,0,0,0,0
1991,57.308435,-2.092,0,0,0,1,0,0,0,0,0,0,0,0,0,0,0,0,0,0,0
1992,59.713488,.875,0,0,0,1,0,0,0,0,0,0,0,0,0,0,0,0,0,0,0
1993,61.357371,2.339,0,0,0,1,0,0,0,0,0,0,0,0,0,0,0,0,0,0,0
1994,63.450181,4.804,0,0,0,1,0,0,0,0,0,0,0,0,0,0,0,0,0,0,0
1995,63.160232,2.808,0,0,0,1,0,0,0,0,0,0,0,0,0,0,0,0,0,0,0
1996,61.466132,1.619,0,0,0,1,0,0,0,0,0,0,0,0,0,0,0,0,0,0,0
1997,58.178667,4.226,0,0,0,1,0,0,0,0,0,0,0,0,0,0,0,0,0,0,0
1998,56.624662,4.097,0,0,0,1,0,0,0,0,0,0,0,0,0,0,0,0,0,0,0
1999,52.271309,5.532,0,0,0,1,0,0,0,0,0,0,0,0,0,0,0,0,0,0,0
2000,43.761443,5.233,0,0,0,1,0,0,0,0,0,0,0,0,0,0,0,0,0,0,0
2001,41.961364,1.784,0,0,0,1,0,0,0,0,0,0,0,0,0,0,0,0,0,0,0
2002,41.801333,2.925,0,0,0,1,0,0,0,0,0,0,0,0,0,0,0,0,0,0,0
2003,39.504715,1.881,0,0,0,1,0,0,0,0,0,0,0,0,0,0,0,0,0,0,0
2004,36.076625,3.12,0,0,0,1,0,0,0,0,0,0,0,0,0,0,0,0,0,0,0
2005,32.184333,3.019,0,0,0,1,0,0,0,0,0,0,0,0,0,0,0,0,0,0,0
2006,28.695574,2.854,0,0,0,1,0,0,0,0,0,0,0,0,0,0,0,0,0,0,0
2007,27.173259,2.531,0,0,0,1,0,0,0,0,0,0,0,0,0,0,0,0,0,0,0
2008,23.324779,.414,0,0,0,1,0,0,0,0,0,0,0,0,0,0,0,0,0,0,0
2009,30.237191,-2.479,0,0,0,1,0,0,0,0,0,0,0,0,0,0,0,0,0,0,0
1950,46.339021,7.9458545,0,0,0,0,1,0,0,0,0,0,0,0,0,0,0,0,0,0,0
1951,41.085275,.66770082,0,0,0,0,1,0,0,0,0,0,0,0,0,0,0,0,0,0,0
1952,38.725077,.97815892,0,0,0,0,1,0,0,0,0,0,0,0,0,0,0,0,0,0,0
1953,36.138771,5.6893577,0,0,0,0,1,0,0,0,0,0,0,0,0,0,0,0,0,0,0
1954,29.395416,1.9429361,0,0,0,0,1,0,0,0,0,0,0,0,0,0,0,0,0,0,0
1955,29.840941,1.0776526,0,0,0,0,1,0,0,0,0,0,0,0,0,0,0,0,0,0,0
1956,28.607456,1.2093335,0,0,0,0,1,0,0,0,0,0,0,0,0,0,0,0,0,0,0
1957,27.085488,7.5876599,0,0,0,0,1,0,0,0,0,0,0,0,0,0,0,0,0,0,0
1958,26.14735,2.2520002,0,0,0,0,1,0,0,0,0,0,0,0,0,0,0,0,0,0,0
1959,23.119945,7.438921,0,0,0,0,1,0,0,0,0,0,0,0,0,0,0,0,0,0,0
1960,19.925955,2.793481,0,0,0,0,1,0,0,0,0,0,0,0,0,0,0,0,0,0,0
1961,16.404332,6.3393366,0,0,0,0,1,0,0,0,0,0,0,0,0,0,0,0,0,0,0
1962,15.081635,5.5187998,0,0,0,0,1,0,0,0,0,0,0,0,0,0,0,0,0,0,0
1963,13.47408,.62700077,0,0,0,0,1,0,0,0,0,0,0,0,0,0,0,0,0,0,0
1964,10.754404,9.3551855,0,0,0,0,1,0,0,0,0,0,0,0,0,0,0,0,0,0,0
1965,7.866571,4.5623257,0,0,0,0,1,0,0,0,0,0,0,0,0,0,0,0,0,0,0
1966,6.096216,2.7284763,0,0,0,0,1,0,0,0,0,0,0,0,0,0,0,0,0,0,0
1967,5.8197344,3.3620352,0,0,0,0,1,0,0,0,0,0,0,0,0,0,0,0,0,0,0
1968,5.2929998,4.1092177,0,0,0,0,1,0,0,0,0,0,0,0,0,0,0,0,0,0,0
1969,4.7524143,6.3700901,0,0,0,0,1,0,0,0,0,0,0,0,0,0,0,0,0,0,0
1970,4.806661,2.0250314,0,0,0,0,1,0,0,0,0,0,0,0,0,0,0,0,0,0,0
1971,5.0172268,2.6661762,0,0,0,0,1,0,0,0,0,0,0,0,0,0,0,0,0,0,0
1972,5.2844717,5.2764406,0,0,0,0,1,0,0,0,0,0,0,0,0,0,0,0,0,0,0
1973,4.9619713,3.6313593,0,0,0,0,1,0,0,0,0,0,0,0,0,0,0,0,0,0,0
1974,4.5608447,-.93243089,0,0,0,0,1,0,0,0,0,0,0,0,0,0,0,0,0,0,0
1975,4.3378801,-.66014212,0,0,0,0,1,0,0,0,0,0,0,0,0,0,0,0,0,0,0
1980,34.973,-.44157435,0,0,0,0,1,0,0,0,0,0,0,0,0,0,0,0,0,0,0
1981,45.433,-.88690382,0,0,0,0,1,0,0,0,0,0,0,0,0,0,0,0,0,0,0
1982,58.548,3.7139827,0,0,0,0,1,0,0,0,0,0,0,0,0,0,0,0,0,0,0
1983,70.274,2.6518572,0,0,0,0,1,0,0,0,0,0,0,0,0,0,0,0,0,0,0
1984,72.979,4.1655771,0,0,0,0,1,0,0,0,0,0,0,0,0,0,0,0,0,0,0
1985,70.83,4.0244345,0,0,0,0,1,0,0,0,0,0,0,0,0,0,0,0,0,0,0
1986,67.731,4.9492409,0,0,0,0,1,0,0,0,0,0,0,0,0,0,0,0,0,0,0
1987,64.852,.28993683,0,0,0,0,1,0,0,0,0,0,0,0,0,0,0,0,0,0,0
1988,62.68,-.14266411,0,0,0,0,1,0,0,0,0,0,0,0,0,0,0,0,0,0,0
1989,61.198,.5729004,0,0,0,0,1,0,0,0,0,0,0,0,0,0,0,0,0,0,0
1990,62.523196,1.6074436,0,0,0,0,1,0,0,0,0,0,0,0,0,0,0,0,0,0,0
1991,63.44047,1.3004028,0,0,0,0,1,0,0,0,0,0,0,0,0,0,0,0,0,0,0
1992,67.957578,1.9754457,0,0,0,0,1,0,0,0,0,0,0,0,0,0,0,0,0,0,0
1993,79.819348,-.08961344,0,0,0,0,1,0,0,0,0,0,0,0,0,0,0,0,0,0,0
1994,76.800639,5.5254103,0,0,0,0,1,0,0,0,0,0,0,0,0,0,0,0,0,0,0
1995,75.524256,3.0652233,0,0,0,0,1,0,0,0,0,0,0,0,0,0,0,0,0,0,0
1996,73.73608,2.8345664,0,0,0,0,1,0,0,0,0,0,0,0,0,0,0,0,0,0,0
1997,69.054049,3.1985078,0,0,0,0,1,0,0,0,0,0,0,0,0,0,0,0,0,0,0
1998,63.998556,2.1603909,0,0,0,0,1,0,0,0,0,0,0,0,0,0,0,0,0,0,0
1999,60.866771,2.5604415,0,0,0,0,1,0,0,0,0,0,0,0,0,0,0,0,0,0,0
2000,54.963059,3.5287152,0,0,0,0,1,0,0,0,0,0,0,0,0,0,0,0,0,0,0
2001,52.021174,.70488823,0,0,0,0,1,0,0,0,0,0,0,0,0,0,0,0,0,0,0
2002,51.619389,.46581766,0,0,0,0,1,0,0,0,0,0,0,0,0,0,0,0,0,0,0
2003,49.611263,.38375899,0,0,0,0,1,0,0,0,0,0,0,0,0,0,0,0,0,0,0
2004,46.958764,2.2964908,0,0,0,0,1,0,0,0,0,0,0,0,0,0,0,0,0,0,0
2005,39.29177,2.4451802,0,0,0,0,1,0,0,0,0,0,0,0,0,0,0,0,0,0,0
2006,32.803092,3.3439561,0,0,0,0,1,0,0,0,0,0,0,0,0,0,0,0,0,0,0
2007,27.885822,1.646543,0,0,0,0,1,0,0,0,0,0,0,0,0,0,0,0,0,0,0
2008,32.433113,-1.2018221,0,0,0,0,1,0,0,0,0,0,0,0,0,0,0,0,0,0,0
2009,37.721501,-2.433023,0,0,0,0,1,0,0,0,0,0,0,0,0,0,0,0,0,0,0
1946,70.621699,8.1320848,0,0,0,0,0,1,0,0,0,0,0,0,0,0,0,0,0,0,0
1947,52.548111,2.3245214,0,0,0,0,0,1,0,0,0,0,0,0,0,0,0,0,0,0,0
1948,39.010096,7.9287305,0,0,0,0,0,1,0,0,0,0,0,0,0,0,0,0,0,0,0
1949,26.642868,6.0668593,0,0,0,0,0,1,0,0,0,0,0,0,0,0,0,0,0,0,0
1950,25.475301,3.8445821,0,0,0,0,0,1,0,0,0,0,0,0,0,0,0,0,0,0,0
1951,19.16779,8.5039001,0,0,0,0,0,1,0,0,0,0,0,0,0,0,0,0,0,0,0
1952,13.12335,3.3511702,0,0,0,0,0,1,0,0,0,0,0,0,0,0,0,0,0,0,0
1953,18.310312,.70080017,0,0,0,0,0,1,0,0,0,0,0,0,0,0,0,0,0,0,0
1954,18.946204,8.7561672,0,0,0,0,0,1,0,0,0,0,0,0,0,0,0,0,0,0,0
1955,17.040498,5.0952677,0,0,0,0,0,1,0,0,0,0,0,0,0,0,0,0,0,0,0
1956,16.591476,3.0216285,0,0,0,0,0,1,0,0,0,0,0,0,0,0,0,0,0,0,0
1957,16.889215,4.7016275,0,0,0,0,0,1,0,0,0,0,0,0,0,0,0,0,0,0,0
1958,16.064368,.5391971,0,0,0,0,0,1,0,0,0,0,0,0,0,0,0,0,0,0,0
1959,15.050467,5.9412578,0,0,0,0,0,1,0,0,0,0,0,0,0,0,0,0,0,0,0
1960,12.794047,9.147716,0,0,0,0,0,1,0,0,0,0,0,0,0,0,0,0,0,0,0
1961,10.128569,7.6201174,0,0,0,0,0,1,0,0,0,0,0,0,0,0,0,0,0,0,0
1962,11.516488,3.1177401,0,0,0,0,0,1,0,0,0,0,0,0,0,0,0,0,0,0,0
1963,13.441137,3.2944787,0,0,0,0,0,1,0,0,0,0,0,0,0,0,0,0,0,0,0
1964,13.630383,5.0543684,0,0,0,0,0,1,0,0,0,0,0,0,0,0,0,0,0,0,0
1965,14.229086,5.3166842,0,0,0,0,0,1,0,0,0,0,0,0,0,0,0,0,0,0,0
1966,15.183711,2.4027198,0,0,0,0,0,1,0,0,0,0,0,0,0,0,0,0,0,0,0
1967,15.829523,2.1119884,0,0,0,0,0,1,0,0,0,0,0,0,0,0,0,0,0,0,0
1968,15.687814,2.3005464,0,0,0,0,0,1,0,0,0,0,0,0,0,0,0,0,0,0,0
1969,12.084972,9.6308958,0,0,0,0,0,1,0,0,0,0,0,0,0,0,0,0,0,0,0
1970,10.224451,7.4693042,0,0,0,0,0,1,0,0,0,0,0,0,0,0,0,0,0,0,0
1971,8.8901258,2.0900394,0,0,0,0,0,1,0,0,0,0,0,0,0,0,0,0,0,0,0
1972,7.3411675,7.6316724,0,0,0,0,0,1,0,0,0,0,0,0,0,0,0,0,0,0,0
1973,4.9436512,6.7068265,0,0,0,0,0,1,0,0,0,0,0,0,0,0,0,0,0,0,0
1974,3.2791096,3.0295414,0,0,0,0,0,1,0,0,0,0,0,0,0,0,0,0,0,0,0
1975,3.6825529,1.1521645,0,0,0,0,0,1,0,0,0,0,0,0,0,0,0,0,0,0,0
1976,4.2608713,-.42482145,0,0,0,0,0,1,0,0,0,0,0,0,0,0,0,0,0,0,0
1977,5.6852495,.24591996,0,0,0,0,0,1,0,0,0,0,0,0,0,0,0,0,0,0,0
1978,8.3527006,2.0926256,0,0,0,0,0,1,0,0,0,0,0,0,0,0,0,0,0,0,0
1979,8.9759462,6.9574398,0,0,0,0,0,1,0,0,0,0,0,0,0,0,0,0,0,0,0
1980,9.2114968,5.3339233,0,0,0,0,0,1,0,0,0,0,0,0,0,0,0,0,0,0,0
1981,10.008595,1.2693883,0,0,0,0,0,1,0,0,0,0,0,0,0,0,0,0,0,0,0
1982,12.206965,3.024028,0,0,0,0,0,1,0,0,0,0,0,0,0,0,0,0,0,0,0
1983,13.786278,2.9471581,0,0,0,0,0,1,0,0,0,0,0,0,0,0,0,0,0,0,0
1984,14.303823,3.0441664,0,0,0,0,0,1,0,0,0,0,0,0,0,0,0,0,0,0,0
1985,13.945604,3.2804897,0,0,0,0,0,1,0,0,0,0,0,0,0,0,0,0,0,0,0
1986,14.45405,2.6259227,0,0,0,0,0,1,0,0,0,0,0,0,0,0,0,0,0,0,0
1987,14.980281,3.5583198,0,0,0,0,0,1,0,0,0,0,0,0,0,0,0,0,0,0,0
1988,13.09885,5.1009673,0,0,0,0,0,1,0,0,0,0,0,0,0,0,0,0,0,0,0
1989,10.708918,5.4151239,0,0,0,0,0,1,0,0,0,0,0,0,0,0,0,0,0,0,0
1990,10.319026,.08205109,0,0,0,0,0,1,0,0,0,0,0,0,0,0,0,0,0,0,0
1991,16.900872,-6.243667,0,0,0,0,0,1,0,0,0,0,0,0,0,0,0,0,0,0,0
1992,33.958912,-3.735508,0,0,0,0,0,1,0,0,0,0,0,0,0,0,0,0,0,0,0
1993,51.791591,-.92061483,0,0,0,0,0,1,0,0,0,0,0,0,0,0,0,0,0,0,0
1994,58.848584,3.5734888,0,0,0,0,0,1,0,0,0,0,0,0,0,0,0,0,0,0,0
1995,62.683486,3.9236163,0,0,0,0,0,1,0,0,0,0,0,0,0,0,0,0,0,0,0
1996,66.614638,3.6998756,0,0,0,0,0,1,0,0,0,0,0,0,0,0,0,0,0,0,0
1997,64.856458,6.1999336,0,0,0,0,0,1,0,0,0,0,0,0,0,0,0,0,0,0,0
1998,59.624311,5.2253333,0,0,0,0,0,1,0,0,0,0,0,0,0,0,0,0,0,0,0
1999,55.468875,3.9211476,0,0,0,0,0,1,0,0,0,0,0,0,0,0,0,0,0,0,0
2000,47.834286,5.0566218,0,0,0,0,0,1,0,0,0,0,0,0,0,0,0,0,0,0,0
2001,44.180854,2.7050334,0,0,0,0,0,1,0,0,0,0,0,0,0,0,0,0,0,0,0
2002,41.202832,1.5732025,0,0,0,0,0,1,0,0,0,0,0,0,0,0,0,0,0,0,0
2003,43.43083,1.8106011,0,0,0,0,0,1,0,0,0,0,0,0,0,0,0,0,0,0,0
2004,41.92413,3.6963969,0,0,0,0,0,1,0,0,0,0,0,0,0,0,0,0,0,0,0
2005,38.227534,2.7679142,0,0,0,0,0,1,0,0,0,0,0,0,0,0,0,0,0,0,0
2006,35.264582,4.9229083,0,0,0,0,0,1,0,0,0,0,0,0,0,0,0,0,0,0,0
2007,31.208125,4.2027352,0,0,0,0,0,1,0,0,0,0,0,0,0,0,0,0,0,0,0
2008,29.438959,1.0410108,0,0,0,0,0,1,0,0,0,0,0,0,0,0,0,0,0,0,0
2009,33.419478,-6.3559476,0,0,0,0,0,1,0,0,0,0,0,0,0,0,0,0,0,0,0
1950,27.41989,7.4940048,0,0,0,0,0,0,1,0,0,0,0,0,0,0,0,0,0,0,0
1951,22.843592,6.1349693,0,0,0,0,0,0,1,0,0,0,0,0,0,0,0,0,0,0,0
1952,23.497492,2.6274304,0,0,0,0,0,0,1,0,0,0,0,0,0,0,0,0,0,0,0
1953,25.781659,2.9185868,0,0,0,0,0,0,1,0,0,0,0,0,0,0,0,0,0,0,0
1954,24.76863,4.8258706,0,0,0,0,0,0,1,0,0,0,0,0,0,0,0,0,0,0,0
1955,23.70047,5.7902231,0,0,0,0,0,0,1,0,0,0,0,0,0,0,0,0,0,0,0
1956,23.195689,5.0246747,0,0,0,0,0,0,1,0,0,0,0,0,0,0,0,0,0,0,0
1957,24.070022,6.0230671,0,0,0,0,0,0,1,0,0,0,0,0,0,0,0,0,0,0,0
1958,27.294827,2.5382756,0,0,0,0,0,0,1,0,0,0,0,0,0,0,0,0,0,0,0
1959,27.146456,2.8290766,0,0,0,0,0,0,1,0,0,0,0,0,0,0,0,0,0,0,0
1960,22.090266,7.0691632,0,0,0,0,0,0,1,0,0,0,0,0,0,0,0,0,0,0,0
1961,19.308447,5.4960742,0,0,0,0,0,0,1,0,0,0,0,0,0,0,0,0,0,0,0
1962,20.395555,6.6305819,0,0,0,0,0,0,1,0,0,0,0,0,0,0,0,0,0,0,0
1963,19.66098,5.4885787,0,0,0,0,0,0,1,0,0,0,0,0,0,0,0,0,0,0,0
1964,17.477053,6.4962406,0,0,0,0,0,0,1,0,0,0,0,0,0,0,0,0,0,0,0
1965,15.215842,4.6879413,0,0,0,0,0,0,1,0,0,0,0,0,0,0,0,0,0,0,0
1966,14.668951,5.3142703,0,0,0,0,0,0,1,0,0,0,0,0,0,0,0,0,0,0,0
1967,15.180905,4.585041,0,0,0,0,0,0,1,0,0,0,0,0,0,0,0,0,0,0,0
1968,15.272157,4.3595396,0,0,0,0,0,0,1,0,0,0,0,0,0,0,0,0,0,0,0
1969,14.528653,6.9467261,0,0,0,0,0,0,1,0,0,0,0,0,0,0,0,0,0,0,0
1970,12.37102,5.7932851,0,0,0,0,0,0,1,0,0,0,0,0,0,0,0,0,0,0,0
1971,10.770552,5.3723294,0,0,0,0,0,0,1,0,0,0,0,0,0,0,0,0,0,0,0
1972,8.7579009,5.8858268,0,0,0,0,0,0,1,0,0,0,0,0,0,0,0,0,0,0,0
1978,30.179293,3.7934834,0,0,0,0,0,0,1,0,0,0,0,0,0,0,0,0,0,0,0
1979,31.115303,3.3060358,0,0,0,0,0,0,1,0,0,0,0,0,0,0,0,0,0,0,0
1980,29.520366,1.0716383,0,0,0,0,0,0,1,0,0,0,0,0,0,0,0,0,0,0,0
1981,30.513238,1.5475053,0,0,0,0,0,0,1,0,0,0,0,0,0,0,0,0,0,0,0
1982,36.449265,.12499352,0,0,0,0,0,0,1,0,0,0,0,0,0,0,0,0,0,0,0
1983,38.333615,3.8668937,0,0,0,0,0,0,1,0,0,0,0,0,0,0,0,0,0,0,0
1984,40.388564,5.8941037,0,0,0,0,0,0,1,0,0,0,0,0,0,0,0,0,0,0,0
1985,41.217743,5.3540295,0,0,0,0,0,0,1,0,0,0,0,0,0,0,0,0,0,0,0
1986,43.668428,4.0375523,0,0,0,0,0,0,1,0,0,0,0,0,0,0,0,0,0,0,0
1987,45.146075,1.7800135,0,0,0,0,0,0,1,0,0,0,0,0,0,0,0,0,0,0,0
1988,46.436519,-.17284883,0,0,0,0,0,0,1,0,0,0,0,0,0,0,0,0,0,0,0
1989,47.903692,.99755855,0,0,0,0,0,0,1,0,0,0,0,0,0,0,0,0,0,0,0
1990,49.382381,1.927514,0,0,0,0,0,0,1,0,0,0,0,0,0,0,0,0,0,0,0
1991,49.643754,3.104629,0,0,0,0,0,0,1,0,0,0,0,0,0,0,0,0,0,0,0
1992,55.197827,3.523105,0,0,0,0,0,0,1,0,0,0,0,0,0,0,0,0,0,0,0
1993,61.48179,2.7866371,0,0,0,0,0,0,1,0,0,0,0,0,0,0,0,0,0,0,0
1994,64.860731,5.0513843,0,0,0,0,0,0,1,0,0,0,0,0,0,0,0,0,0,0,0
1995,70.253764,4.1863491,0,0,0,0,0,0,1,0,0,0,0,0,0,0,0,0,0,0,0
1996,68.906766,5.0997663,0,0,0,0,0,0,1,0,0,0,0,0,0,0,0,0,0,0,0
1997,67.129506,5.3926403,0,0,0,0,0,0,1,0,0,0,0,0,0,0,0,0,0,0,0
1998,68.978217,2.6827835,0,0,0,0,0,0,1,0,0,0,0,0,0,0,0,0,0,0,0
1999,64.856542,2.0257706,0,0,0,0,0,0,1,0,0,0,0,0,0,0,0,0,0,0,0
2000,55.791094,3.253568,0,0,0,0,0,0,1,0,0,0,0,0,0,0,0,0,0,0,0
2001,55.410602,1.9901541,0,0,0,0,0,0,1,0,0,0,0,0,0,0,0,0,0,0,0
2002,59.446196,1.5020556,0,0,0,0,0,0,1,0,0,0,0,0,0,0,0,0,0,0,0
2003,62.955271,1.013524,0,0,0,0,0,0,1,0,0,0,0,0,0,0,0,0,0,0,0
2004,61.782862,3.8641264,0,0,0,0,0,0,1,0,0,0,0,0,0,0,0,0,0,0,0
2005,58.867669,2.7392074,0,0,0,0,0,0,1,0,0,0,0,0,0,0,0,0,0,0,0
2006,53.246711,2.2808885,0,0,0,0,0,0,1,0,0,0,0,0,0,0,0,0,0,0,0
2007,53.084831,3.1340918,0,0,0,0,0,0,1,0,0,0,0,0,0,0,0,0,0,0,0
2008,51.567307,2.1321303,0,0,0,0,0,0,1,0,0,0,0,0,0,0,0,0,0,0,0
2009,60.001513,-1.9066761,0,0,0,0,0,0,1,0,0,0,0,0,0,0,0,0,0,0,0
1951,6.0557079,9.1669996,0,0,0,0,0,0,0,1,0,0,0,0,0,0,0,0,0,0,0
1952,6.304507,8.6699416,0,0,0,0,0,0,0,1,0,0,0,0,0,0,0,0,0,0,0
1953,7.3177313,8.3724594,0,0,0,0,0,0,0,1,0,0,0,0,0,0,0,0,0,0,0
1954,11.25035,7.4553715,0,0,0,0,0,0,0,1,0,0,0,0,0,0,0,0,0,0,0
1955,11.142173,11.003754,0,0,0,0,0,0,0,1,0,0,0,0,0,0,0,0,0,0,0
1956,10.024857,7.1669755,0,0,0,0,0,0,0,1,0,0,0,0,0,0,0,0,0,0,0
1957,9.1284117,5.7293745,0,0,0,0,0,0,0,1,0,0,0,0,0,0,0,0,0,0,0
1958,9.3054196,4.4522427,0,0,0,0,0,0,0,1,0,0,0,0,0,0,0,0,0,0,0
1959,8.9043379,7.3135534,0,0,0,0,0,0,0,1,0,0,0,0,0,0,0,0,0,0,0
1960,8.663842,8.0610115,0,0,0,0,0,0,0,1,0,0,0,0,0,0,0,0,0,0,0
1961,9.4370567,4.1192017,0,0,0,0,0,0,0,1,0,0,0,0,0,0,0,0,0,0,0
1962,8.3480549,4.2657875,0,0,0,0,0,0,0,1,0,0,0,0,0,0,0,0,0,0,0
1963,8.379209,2.8187738,0,0,0,0,0,0,0,1,0,0,0,0,0,0,0,0,0,0,0
1964,8.1531741,6.0782955,0,0,0,0,0,0,0,1,0,0,0,0,0,0,0,0,0,0,0
1965,7.6406279,5.0697669,0,0,0,0,0,0,0,1,0,0,0,0,0,0,0,0,0,0,0
1966,7.8201117,2.9641709,0,0,0,0,0,0,0,1,0,0,0,0,0,0,0,0,0,0,0
1967,9.3794357,.30989959,0,0,0,0,0,0,0,1,0,0,0,0,0,0,0,0,0,0,0
1968,9.4932528,5.2748708,0,0,0,0,0,0,0,1,0,0,0,0,0,0,0,0,0,0,0
1969,8.4111163,6.6114423,0,0,0,0,0,0,0,1,0,0,0,0,0,0,0,0,0,0,0
1970,6.7665031,4.6799767,0,0,0,0,0,0,0,1,0,0,0,0,0,0,0,0,0,0,0
1971,6.3711805,2.9431754,0,0,0,0,0,0,0,1,0,0,0,0,0,0,0,0,0,0,0
1972,6.3936533,4.1273532,0,0,0,0,0,0,0,1,0,0,0,0,0,0,0,0,0,0,0
1973,6.0079863,4.5384785,0,0,0,0,0,0,0,1,0,0,0,0,0,0,0,0,0,0,0
1974,6.7487646,.82730443,0,0,0,0,0,0,0,1,0,0,0,0,0,0,0,0,0,0,0
1975,9.9453905,-.54463132,0,0,0,0,0,0,0,1,0,0,0,0,0,0,0,0,0,0,0
1976,10.729855,4.8289868,0,0,0,0,0,0,0,1,0,0,0,0,0,0,0,0,0,0,0
1977,11.876747,2.8775631,0,0,0,0,0,0,0,1,0,0,0,0,0,0,0,0,0,0,0
1978,13.270699,2.808429,0,0,0,0,0,0,0,1,0,0,0,0,0,0,0,0,0,0,0
1979,13.968568,4.0185491,0,0,0,0,0,0,0,1,0,0,0,0,0,0,0,0,0,0,0
1980,14.914026,1.14258,0,0,0,0,0,0,0,1,0,0,0,0,0,0,0,0,0,0,0
1981,16.650772,.11029933,0,0,0,0,0,0,0,1,0,0,0,0,0,0,0,0,0,0,0
1982,18.332782,-.7881664,0,0,0,0,0,0,0,1,0,0,0,0,0,0,0,0,0,0,0
1983,19.448533,1.5546681,0,0,0,0,0,0,0,1,0,0,0,0,0,0,0,0,0,0,0
1984,19.840784,2.8260873,0,0,0,0,0,0,0,1,0,0,0,0,0,0,0,0,0,0,0
1985,20.377673,2.1922847,0,0,0,0,0,0,0,1,0,0,0,0,0,0,0,0,0,0,0
1986,20.383172,2.4173192,0,0,0,0,0,0,0,1,0,0,0,0,0,0,0,0,0,0,0
1987,21.142992,1.4693558,0,0,0,0,0,0,0,1,0,0,0,0,0,0,0,0,0,0,0
1988,21.624022,3.7356127,0,0,0,0,0,0,0,1,0,0,0,0,0,0,0,0,0,0,0
1989,20.888483,3.9130242,0,0,0,0,0,0,0,1,0,0,0,0,0,0,0,0,0,0,0
1990,21.214102,5.72343,0,0,0,0,0,0,0,1,0,0,0,0,0,0,0,0,0,0,0
1991,19.522981,5.0114027,0,0,0,0,0,0,0,1,0,0,0,0,0,0,0,0,0,0,0
1992,18.838584,2.3058167,0,0,0,0,0,0,0,1,0,0,0,0,0,0,0,0,0,0,0
1993,20.680251,-.78878284,0,0,0,0,0,0,0,1,0,0,0,0,0,0,0,0,0,0,0
1994,20.457345,2.6260658,0,0,0,0,0,0,0,1,0,0,0,0,0,0,0,0,0,0,0
1995,20.866154,1.8394328,0,0,0,0,0,0,0,1,0,0,0,0,0,0,0,0,0,0,0
1996,22.705705,.95156314,0,0,0,0,0,0,0,1,0,0,0,0,0,0,0,0,0,0,0
1997,23.997946,1.7119998,0,0,0,0,0,0,0,1,0,0,0,0,0,0,0,0,0,0,0
1998,24.829799,1.9773666,0,0,0,0,0,0,0,1,0,0,0,0,0,0,0,0,0,0,0
1999,35.203777,1.9316856,0,0,0,0,0,0,0,1,0,0,0,0,0,0,0,0,0,0,0
2000,34.695752,3.2242838,0,0,0,0,0,0,0,1,0,0,0,0,0,0,0,0,0,0,0
2001,32.997988,1.1507944,0,0,0,0,0,0,0,1,0,0,0,0,0,0,0,0,0,0,0
2002,33.566908,.00627347,0,0,0,0,0,0,0,1,0,0,0,0,0,0,0,0,0,0,0
2003,35.479892,-.23114628,0,0,0,0,0,0,0,1,0,0,0,0,0,0,0,0,0,0,0
2004,36.732727,1.1762159,0,0,0,0,0,0,0,1,0,0,0,0,0,0,0,0,0,0,0
2005,39.508451,.73207977,0,0,0,0,0,0,0,1,0,0,0,0,0,0,0,0,0,0,0
2006,39.582635,3.1758986,0,0,0,0,0,0,0,1,0,0,0,0,0,0,0,0,0,0,0
2007,38.711309,2.5164823,0,0,0,0,0,0,0,1,0,0,0,0,0,0,0,0,0,0,0
2008,38.712918,1.2481033,0,0,0,0,0,0,0,1,0,0,0,0,0,0,0,0,0,0,0
2009,43.718769,-5.2968338,0,0,0,0,0,0,0,1,0,0,0,0,0,0,0,0,0,0,0
1970,18.822101,7.9549274,0,0,0,0,0,0,0,0,1,0,0,0,0,0,0,0,0,0,0
1971,19.00479,7.1178743,0,0,0,0,0,0,0,0,1,0,0,0,0,0,0,0,0,0,0
1972,20.120414,12.443586,0,0,0,0,0,0,0,0,1,0,0,0,0,0,0,0,0,0,0
1973,16.555722,3.9224629,0,0,0,0,0,0,0,0,1,0,0,0,0,0,0,0,0,0,0
1974,17.477994,-3.6383586,0,0,0,0,0,0,0,0,1,0,0,0,0,0,0,0,0,0,0
1975,18.176322,6.0499787,0,0,0,0,0,0,0,0,1,0,0,0,0,0,0,0,0,0,0
1976,20.80436,6.3604999,0,0,0,0,0,0,0,0,1,0,0,0,0,0,0,0,0,0,0
1977,23.232853,3.4281792,0,0,0,0,0,0,0,0,1,0,0,0,0,0,0,0,0,0,0
1978,23.651987,6.6967713,0,0,0,0,0,0,0,0,1,0,0,0,0,0,0,0,0,0,0
1979,23.133295,3.690739,0,0,0,0,0,0,0,0,1,0,0,0,0,0,0,0,0,0,0
1980,24.592685,.677,0,0,0,0,0,0,0,0,1,0,0,0,0,0,0,0,0,0,0
1981,28.773888,-1.554,0,0,0,0,0,0,0,0,1,0,0,0,0,0,0,0,0,0,0
1982,29.634242,-1.133,0,0,0,0,0,0,0,0,1,0,0,0,0,0,0,0,0,0,0
1983,33.959588,-1.079,0,0,0,0,0,0,0,0,1,0,0,0,0,0,0,0,0,0,0
1984,40.503248,2.011,0,0,0,0,0,0,0,0,1,0,0,0,0,0,0,0,0,0,0
1985,47.132628,2.51,0,0,0,0,0,0,0,0,1,0,0,0,0,0,0,0,0,0,0
1986,47.66004,.518,0,0,0,0,0,0,0,0,1,0,0,0,0,0,0,0,0,0,0
1987,52.987778,-2.259,0,0,0,0,0,0,0,0,1,0,0,0,0,0,0,0,0,0,0
1988,62.663145,4.288,0,0,0,0,0,0,0,0,1,0,0,0,0,0,0,0,0,0,0
1989,65.840295,3.8,0,0,0,0,0,0,0,0,1,0,0,0,0,0,0,0,0,0,0
1990,89.06684,0,0,0,0,0,0,0,0,0,1,0,0,0,0,0,0,0,0,0,0
1991,91.124769,3.1,0,0,0,0,0,0,0,0,1,0,0,0,0,0,0,0,0,0,0
1992,97.609644,.7,0,0,0,0,0,0,0,0,1,0,0,0,0,0,0,0,0,0,0
1993,97.608,-1.6,0,0,0,0,0,0,0,0,1,0,0,0,0,0,0,0,0,0,0
1994,103.197,2,0,0,0,0,0,0,0,0,1,0,0,0,0,0,0,0,0,0,0
1995,104.806,2.1,0,0,0,0,0,0,0,0,1,0,0,0,0,0,0,0,0,0,0
1996,108.105,2.358,0,0,0,0,0,0,0,0,1,0,0,0,0,0,0,0,0,0,0
1997,105.22,3.638,0,0,0,0,0,0,0,0,1,0,0,0,0,0,0,0,0,0,0
1998,103.746,3.364,0,0,0,0,0,0,0,0,1,0,0,0,0,0,0,0,0,0,0
1999,103.561,3.42,0,0,0,0,0,0,0,0,1,0,0,0,0,0,0,0,0,0,0
2000,108.926,4.477,0,0,0,0,0,0,0,0,1,0,0,0,0,0,0,0,0,0,0
2001,109.684,4.197,0,0,0,0,0,0,0,0,1,0,0,0,0,0,0,0,0,0,0
2002,109.199,3.439,0,0,0,0,0,0,0,0,1,0,0,0,0,0,0,0,0,0,0
2003,106.407,5.582,0,0,0,0,0,0,0,0,1,0,0,0,0,0,0,0,0,0,0
2004,108.282,4.916,0,0,0,0,0,0,0,0,1,0,0,0,0,0,0,0,0,0,0
2005,108.991,2.898,0,0,0,0,0,0,0,0,1,0,0,0,0,0,0,0,0,0,0
2006,106.103,4.497,0,0,0,0,0,0,0,0,1,0,0,0,0,0,0,0,0,0,0
2007,105.03,4.036,0,0,0,0,0,0,0,0,1,0,0,0,0,0,0,0,0,0,0
2008,109.74864,2.933,0,0,0,0,0,0,0,0,1,0,0,0,0,0,0,0,0,0,0
2009,126.8,-.753,0,0,0,0,0,0,0,0,1,0,0,0,0,0,0,0,0,0,0
1949,27.543222,5.2369595,0,0,0,0,0,0,0,0,0,1,0,0,0,0,0,0,0,0,0
1950,37.684514,.81789515,0,0,0,0,0,0,0,0,0,1,0,0,0,0,0,0,0,0,0
1951,45.606385,2.5119734,0,0,0,0,0,0,0,0,0,1,0,0,0,0,0,0,0,0,0
1952,47.428854,2.5266972,0,0,0,0,0,0,0,0,0,1,0,0,0,0,0,0,0,0,0
1953,49.22275,2.6969218,0,0,0,0,0,0,0,0,0,1,0,0,0,0,0,0,0,0,0
1954,55.983465,.89649552,0,0,0,0,0,0,0,0,0,1,0,0,0,0,0,0,0,0,0
1955,63.819841,2.6027643,0,0,0,0,0,0,0,0,0,1,0,0,0,0,0,0,0,0,0
1956,67.314432,-1.303359,0,0,0,0,0,0,0,0,0,1,0,0,0,0,0,0,0,0,0
1957,70.149143,-.15066915,0,0,0,0,0,0,0,0,0,1,0,0,0,0,0,0,0,0,0
1958,72.794208,-2.0592934,0,0,0,0,0,0,0,0,0,1,0,0,0,0,0,0,0,0,0
1959,70.336719,4.0511147,0,0,0,0,0,0,0,0,0,1,0,0,0,0,0,0,0,0,0
1960,73.639106,5.6266876,0,0,0,0,0,0,0,0,0,1,0,0,0,0,0,0,0,0,0
1961,73.660398,4.7744702,0,0,0,0,0,0,0,0,0,1,0,0,0,0,0,0,0,0,0
1962,73.513107,3.2583032,0,0,0,0,0,0,0,0,0,1,0,0,0,0,0,0,0,0,0
1963,74.475079,4.7332317,0,0,0,0,0,0,0,0,0,1,0,0,0,0,0,0,0,0,0
1964,70.889501,3.91529,0,0,0,0,0,0,0,0,0,1,0,0,0,0,0,0,0,0,0
1965,73.418375,1.7438196,0,0,0,0,0,0,0,0,0,1,0,0,0,0,0,0,0,0,0
1966,78.05461,.85352423,0,0,0,0,0,0,0,0,0,1,0,0,0,0,0,0,0,0,0
1967,76.972967,5.9309309,0,0,0,0,0,0,0,0,0,1,0,0,0,0,0,0,0,0,0
1968,66.104769,8.26622,0,0,0,0,0,0,0,0,0,1,0,0,0,0,0,0,0,0,0
1969,63.585661,6.0164247,0,0,0,0,0,0,0,0,0,1,0,0,0,0,0,0,0,0,0
1970,62.237476,2.6606792,0,0,0,0,0,0,0,0,0,1,0,0,0,0,0,0,0,0,0
1971,59.672955,3.4665646,0,0,0,0,0,0,0,0,0,1,0,0,0,0,0,0,0,0,0
1972,55.882557,6.4894573,0,0,0,0,0,0,0,0,0,1,0,0,0,0,0,0,0,0,0
1973,52.061761,4.7243313,0,0,0,0,0,0,0,0,0,1,0,0,0,0,0,0,0,0,0
1974,65.459181,4.2600578,0,0,0,0,0,0,0,0,0,1,0,0,0,0,0,0,0,0,0
1975,72.359519,5.6540315,0,0,0,0,0,0,0,0,0,1,0,0,0,0,0,0,0,0,0
1976,77.639288,1.39809,0,0,0,0,0,0,0,0,0,1,0,0,0,0,0,0,0,0,0
1977,74.143979,8.2092402,0,0,0,0,0,0,0,0,0,1,0,0,0,0,0,0,0,0,0
1978,76.471917,7.190465,0,0,0,0,0,0,0,0,0,1,0,0,0,0,0,0,0,0,0
1979,82.606182,3.0724214,0,0,0,0,0,0,0,0,0,1,0,0,0,0,0,0,0,0,0
1980,84.351209,2.898,0,0,0,0,0,0,0,0,0,1,0,0,0,0,0,0,0,0,0
1981,89.75276,2.513,0,0,0,0,0,0,0,0,0,1,0,0,0,0,0,0,0,0,0
1982,87.201732,1.493,0,0,0,0,0,0,0,0,0,1,0,0,0,0,0,0,0,0,0
1983,96.491902,-.73,0,0,0,0,0,0,0,0,0,1,0,0,0,0,0,0,0,0,0
1984,101.60413,3.206,0,0,0,0,0,0,0,0,0,1,0,0,0,0,0,0,0,0,0
1985,102.96318,1.947,0,0,0,0,0,0,0,0,0,1,0,0,0,0,0,0,0,0,0
1986,109.67857,.425,0,0,0,0,0,0,0,0,0,1,0,0,0,0,0,0,0,0,0
1987,112.43013,3.64,0,0,0,0,0,0,0,0,0,1,0,0,0,0,0,0,0,0,0
1988,108.33425,2.997,0,0,0,0,0,0,0,0,0,1,0,0,0,0,0,0,0,0,0
1989,97.678634,5.614,0,0,0,0,0,0,0,0,0,1,0,0,0,0,0,0,0,0,0
1990,87.709371,7.711,0,0,0,0,0,0,0,0,0,1,0,0,0,0,0,0,0,0,0
1991,85.521356,1.641,0,0,0,0,0,0,0,0,0,1,0,0,0,0,0,0,0,0,0
1992,83.554873,3.58,0,0,0,0,0,0,0,0,0,1,0,0,0,0,0,0,0,0,0
1993,83.270774,2.314,0,0,0,0,0,0,0,0,0,1,0,0,0,0,0,0,0,0,0
1994,79.801496,5.894,0,0,0,0,0,0,0,0,0,1,0,0,0,0,0,0,0,0,0
1995,72.953657,9.592,0,0,0,0,0,0,0,0,0,1,0,0,0,0,0,0,0,0,0
1996,65.548644,8.086,0,0,0,0,0,0,0,0,0,1,0,0,0,0,0,0,0,0,0
1997,58.165691,11.495,0,0,0,0,0,0,0,0,0,1,0,0,0,0,0,0,0,0,0
1998,48.762876,8.432,0,0,0,0,0,0,0,0,0,1,0,0,0,0,0,0,0,0,0
1999,43.978506,10.653,0,0,0,0,0,0,0,0,0,1,0,0,0,0,0,0,0,0,0
2000,34.829654,9.447,0,0,0,0,0,0,0,0,0,1,0,0,0,0,0,0,0,0,0
2001,30.944006,5.743,0,0,0,0,0,0,0,0,0,1,0,0,0,0,0,0,0,0,0
2002,27.914467,6.477,0,0,0,0,0,0,0,0,0,1,0,0,0,0,0,0,0,0,0
2003,26.910631,4.385,0,0,0,0,0,0,0,0,0,1,0,0,0,0,0,0,0,0,0
2004,25.383352,4.595,0,0,0,0,0,0,0,0,0,1,0,0,0,0,0,0,0,0,0
2005,23.55591,6.175,0,0,0,0,0,0,0,0,0,1,0,0,0,0,0,0,0,0,0
2006,20.319761,5.356,0,0,0,0,0,0,0,0,0,1,0,0,0,0,0,0,0,0,0
2007,19.793843,6.024,0,0,0,0,0,0,0,0,0,1,0,0,0,0,0,0,0,0,0
2008,27.719182,-3.036,0,0,0,0,0,0,0,0,0,1,0,0,0,0,0,0,0,0,0
2009,44.371366,-7.5,0,0,0,0,0,0,0,0,0,1,0,0,0,0,0,0,0,0,0
1951,26.570071,7.4655819,0,0,0,0,0,0,0,0,0,0,1,0,0,0,0,0,0,0,0
1952,26.873812,7.4851076,0,0,0,0,0,0,0,0,0,0,1,0,0,0,0,0,0,0,0
1953,26.721376,7.2147202,0,0,0,0,0,0,0,0,0,0,1,0,0,0,0,0,0,0,0
1954,28.648966,5.1867951,0,0,0,0,0,0,0,0,0,0,1,0,0,0,0,0,0,0,0
1955,28.322246,5.8194188,0,0,0,0,0,0,0,0,0,0,1,0,0,0,0,0,0,0,0
1956,27.964548,4.5340804,0,0,0,0,0,0,0,0,0,0,1,0,0,0,0,0,0,0,0
1957,27.530885,5.9036849,0,0,0,0,0,0,0,0,0,0,1,0,0,0,0,0,0,0,0
1958,27.00562,5.3469563,0,0,0,0,0,0,0,0,0,0,1,0,0,0,0,0,0,0,0
1959,26.699286,6.2275634,0,0,0,0,0,0,0,0,0,0,1,0,0,0,0,0,0,0,0
1960,24.697721,5.4219455,0,0,0,0,0,0,0,0,0,0,1,0,0,0,0,0,0,0,0
1961,21.743123,8.4217509,0,0,0,0,0,0,0,0,0,0,1,0,0,0,0,0,0,0,0
1962,20.759708,7.7970881,0,0,0,0,0,0,0,0,0,0,1,0,0,0,0,0,0,0,0
1963,18.267951,7.1230603,0,0,0,0,0,0,0,0,0,0,1,0,0,0,0,0,0,0,0
1964,17.952145,3.9026739,0,0,0,0,0,0,0,0,0,0,1,0,0,0,0,0,0,0,0
1965,17.862693,2.2485783,0,0,0,0,0,0,0,0,0,0,1,0,0,0,0,0,0,0,0
1966,16.659971,5.2197357,0,0,0,0,0,0,0,0,0,0,1,0,0,0,0,0,0,0,0
1967,14.263345,7.1198805,0,0,0,0,0,0,0,0,0,0,1,0,0,0,0,0,0,0,0
1968,16.045977,8.3619327,0,0,0,0,0,0,0,0,0,0,1,0,0,0,0,0,0,0,0
1969,15.993424,5.7183778,0,0,0,0,0,0,0,0,0,0,1,0,0,0,0,0,0,0,0
1970,14.402266,2.2458538,0,0,0,0,0,0,0,0,0,0,1,0,0,0,0,0,0,0,0
1971,16.376976,1.8943214,0,0,0,0,0,0,0,0,0,0,1,0,0,0,0,0,0,0,0
1972,18.64336,2.9259388,0,0,0,0,0,0,0,0,0,0,1,0,0,0,0,0,0,0,0
1973,20.1986,6.5419348,0,0,0,0,0,0,0,0,0,0,1,0,0,0,0,0,0,0,0
1974,22.674808,4.6896156,0,0,0,0,0,0,0,0,0,0,1,0,0,0,0,0,0,0,0
1975,27.636981,-2.1464166,0,0,0,0,0,0,0,0,0,0,1,0,0,0,0,0,0,0,0
1976,29.992172,6.4982427,0,0,0,0,0,0,0,0,0,0,1,0,0,0,0,0,0,0,0
1977,32.793373,2.889717,0,0,0,0,0,0,0,0,0,0,1,0,0,0,0,0,0,0,0
1978,46.647186,3.7281305,0,0,0,0,0,0,0,0,0,0,1,0,0,0,0,0,0,0,0
1979,45.760647,5.6728578,0,0,0,0,0,0,0,0,0,0,1,0,0,0,0,0,0,0,0
1980,45.625605,-1.414,0,0,0,0,0,0,0,0,0,0,1,0,0,0,0,0,0,0,0
1981,52.858927,.781,0,0,0,0,0,0,0,0,0,0,1,0,0,0,0,0,0,0,0
1982,58.478675,.668,0,0,0,0,0,0,0,0,0,0,1,0,0,0,0,0,0,0,0
1983,64.306858,.913,0,0,0,0,0,0,0,0,0,0,1,0,0,0,0,0,0,0,0
1984,66.455646,3.226,0,0,0,0,0,0,0,0,0,0,1,0,0,0,0,0,0,0,0
1985,61.972546,2.798,0,0,0,0,0,0,0,0,0,0,1,0,0,0,0,0,0,0,0
1986,67.101899,2.86,0,0,0,0,0,0,0,0,0,0,1,0,0,0,0,0,0,0,0
1987,70.815582,3.192,0,0,0,0,0,0,0,0,0,0,1,0,0,0,0,0,0,0,0
1988,73.707496,4.194,0,0,0,0,0,0,0,0,0,0,1,0,0,0,0,0,0,0,0
1989,76.674577,3.388,0,0,0,0,0,0,0,0,0,0,1,0,0,0,0,0,0,0,0
1990,78.984275,2.053,0,0,0,0,0,0,0,0,0,0,1,0,0,0,0,0,0,0,0
1991,81.94912,1.534,0,0,0,0,0,0,0,0,0,0,1,0,0,0,0,0,0,0,0
1992,85.443264,.773,0,0,0,0,0,0,0,0,0,0,1,0,0,0,0,0,0,0,0
1993,95.140231,-.888,0,0,0,0,0,0,0,0,0,0,1,0,0,0,0,0,0,0,0
1994,104.80112,2.152,0,0,0,0,0,0,0,0,0,0,1,0,0,0,0,0,0,0,0
1995,104.28867,2.827,0,0,0,0,0,0,0,0,0,0,1,0,0,0,0,0,0,0,0
1996,103.77587,1.095,0,0,0,0,0,0,0,0,0,0,1,0,0,0,0,0,0,0,0
1997,101.15083,1.872,0,0,0,0,0,0,0,0,0,0,1,0,0,0,0,0,0,0,0
1998,99.743655,1.401,0,0,0,0,0,0,0,0,0,0,1,0,0,0,0,0,0,0,0
1999,97.800974,1.464,0,0,0,0,0,0,0,0,0,0,1,0,0,0,0,0,0,0,0
2000,95.117123,3.693,0,0,0,0,0,0,0,0,0,0,1,0,0,0,0,0,0,0,0
2001,91.710167,1.818,0,0,0,0,0,0,0,0,0,0,1,0,0,0,0,0,0,0,0
2002,88.241934,.454,0,0,0,0,0,0,0,0,0,0,1,0,0,0,0,0,0,0,0
2003,86.657109,-.017,0,0,0,0,0,0,0,0,0,0,1,0,0,0,0,0,0,0,0
2004,85.103735,1.532,0,0,0,0,0,0,0,0,0,0,1,0,0,0,0,0,0,0,0
2005,84.858237,.656,0,0,0,0,0,0,0,0,0,0,1,0,0,0,0,0,0,0,0
2006,84.621178,2.036,0,0,0,0,0,0,0,0,0,0,1,0,0,0,0,0,0,0,0
2007,83.4074,1.564,0,0,0,0,0,0,0,0,0,0,1,0,0,0,0,0,0,0,0
2008,86.259572,-1.04,0,0,0,0,0,0,0,0,0,0,1,0,0,0,0,0,0,0,0
2009,97.135118,-5.145,0,0,0,0,0,0,0,0,0,0,1,0,0,0,0,0,0,0,0
1956,10.615875,6.2015267,0,0,0,0,0,0,0,0,0,0,0,1,0,0,0,0,0,0,0
1957,8.9358371,7.3282462,0,0,0,0,0,0,0,0,0,0,0,1,0,0,0,0,0,0,0
1958,9.3208358,6.3953596,0,0,0,0,0,0,0,0,0,0,0,1,0,0,0,0,0,0,0
1959,9.499185,8.3429693,0,0,0,0,0,0,0,0,0,0,0,1,0,0,0,0,0,0,0
1960,8.3716934,11.262118,0,0,0,0,0,0,0,0,0,0,0,1,0,0,0,0,0,0,0
1961,6.3245468,9.9976968,0,0,0,0,0,0,0,0,0,0,0,1,0,0,0,0,0,0,0
1962,5.8364057,6.7162537,0,0,0,0,0,0,0,0,0,0,0,1,0,0,0,0,0,0,0
1963,4.7169019,7.7137468,0,0,0,0,0,0,0,0,0,0,0,1,0,0,0,0,0,0,0
1964,4.5672059,9.2344347,0,0,0,0,0,0,0,0,0,0,0,1,0,0,0,0,0,0,0
1965,5.3750472,5.1218958,0,0,0,0,0,0,0,0,0,0,0,1,0,0,0,0,0,0,0
1966,6.9747812,9.7017757,0,0,0,0,0,0,0,0,0,0,0,1,0,0,0,0,0,0,0
1967,8.5364729,10.464422,0,0,0,0,0,0,0,0,0,0,0,1,0,0,0,0,0,0,0
1968,9.0341539,10.527807,0,0,0,0,0,0,0,0,0,0,0,1,0,0,0,0,0,0,0
1969,8.8051725,11.783224,0,0,0,0,0,0,0,0,0,0,0,1,0,0,0,0,0,0,0
1970,8.4891342,10.1337,0,0,0,0,0,0,0,0,0,0,0,1,0,0,0,0,0,0,0
1971,9.424417,4.7312761,0,0,0,0,0,0,0,0,0,0,0,1,0,0,0,0,0,0,0
1972,12.667749,8.5931151,0,0,0,0,0,0,0,0,0,0,0,1,0,0,0,0,0,0,0
1973,11.69309,8.1977062,0,0,0,0,0,0,0,0,0,0,0,1,0,0,0,0,0,0,0
1974,11.702142,-1.5930558,0,0,0,0,0,0,0,0,0,0,0,1,0,0,0,0,0,0,0
1975,15.368211,2.8380681,0,0,0,0,0,0,0,0,0,0,0,1,0,0,0,0,0,0,0
1976,19.617798,4.0002318,0,0,0,0,0,0,0,0,0,0,0,1,0,0,0,0,0,0,0
1977,24.834265,3.5895046,0,0,0,0,0,0,0,0,0,0,0,1,0,0,0,0,0,0,0
1978,30.498364,4.2229465,0,0,0,0,0,0,0,0,0,0,0,1,0,0,0,0,0,0,0
1979,35.005643,6.8046808,0,0,0,0,0,0,0,0,0,0,0,1,0,0,0,0,0,0,0
1980,39.061771,4.6265988,0,0,0,0,0,0,0,0,0,0,0,1,0,0,0,0,0,0,0
1981,40.927446,4.176844,0,0,0,0,0,0,0,0,0,0,0,1,0,0,0,0,0,0,0
1982,44.276255,3.3766083,0,0,0,0,0,0,0,0,0,0,0,1,0,0,0,0,0,0,0
1983,48.058169,3.060738,0,0,0,0,0,0,0,0,0,0,0,1,0,0,0,0,0,0,0
1984,49.248847,4.463899,0,0,0,0,0,0,0,0,0,0,0,1,0,0,0,0,0,0,0
1985,50.207187,6.3333569,0,0,0,0,0,0,0,0,0,0,0,1,0,0,0,0,0,0,0
1986,54.169257,2.8310766,0,0,0,0,0,0,0,0,0,0,0,1,0,0,0,0,0,0,0
1987,55.815444,4.1074271,0,0,0,0,0,0,0,0,0,0,0,1,0,0,0,0,0,0,0
1988,54.040186,7.1466937,0,0,0,0,0,0,0,0,0,0,0,1,0,0,0,0,0,0,0
1989,50.789059,5.3701525,0,0,0,0,0,0,0,0,0,0,0,1,0,0,0,0,0,0,0
1990,49.230105,5.5723983,0,0,0,0,0,0,0,0,0,0,0,1,0,0,0,0,0,0,0
1991,47.965547,3.3243408,0,0,0,0,0,0,0,0,0,0,0,1,0,0,0,0,0,0,0
1992,49.813733,.81902986,0,0,0,0,0,0,0,0,0,0,0,1,0,0,0,0,0,0,0
1993,55.320155,.17106272,0,0,0,0,0,0,0,0,0,0,0,1,0,0,0,0,0,0,0
1994,59.956798,.86357824,0,0,0,0,0,0,0,0,0,0,0,1,0,0,0,0,0,0,0
1995,66.118504,1.8816561,0,0,0,0,0,0,0,0,0,0,0,1,0,0,0,0,0,0,0
1996,70.433425,2.6372874,0,0,0,0,0,0,0,0,0,0,0,1,0,0,0,0,0,0,0
1997,75.331733,1.5635666,0,0,0,0,0,0,0,0,0,0,0,1,0,0,0,0,0,0,0
1998,86.6715,-2.0488679,0,0,0,0,0,0,0,0,0,0,0,1,0,0,0,0,0,0,0
1999,98.34033,-.14101078,0,0,0,0,0,0,0,0,0,0,0,1,0,0,0,0,0,0,0
2000,106.48065,2.8601394,0,0,0,0,0,0,0,0,0,0,0,1,0,0,0,0,0,0,0
2001,122.01881,.18438948,0,0,0,0,0,0,0,0,0,0,0,1,0,0,0,0,0,0,0
2002,130.91366,.26225703,0,0,0,0,0,0,0,0,0,0,0,1,0,0,0,0,0,0,0
2003,136.67742,1.4135403,0,0,0,0,0,0,0,0,0,0,0,1,0,0,0,0,0,0,0
2004,150.72533,2.7442621,0,0,0,0,0,0,0,0,0,0,0,1,0,0,0,0,0,0,0
2005,162.07453,1.9340925,0,0,0,0,0,0,0,0,0,0,0,1,0,0,0,0,0,0,0
2006,164.03636,2.0394692,0,0,0,0,0,0,0,0,0,0,0,1,0,0,0,0,0,0,0
2007,162.46547,2.3373165,0,0,0,0,0,0,0,0,0,0,0,1,0,0,0,0,0,0,0
2008,166.87808,-.70524932,0,0,0,0,0,0,0,0,0,0,0,1,0,0,0,0,0,0,0
2009,181.51101,-5.3693646,0,0,0,0,0,0,0,0,0,0,0,1,0,0,0,0,0,0,0
1956,51.649453,3.6757704,0,0,0,0,0,0,0,0,0,0,0,0,1,0,0,0,0,0,0
1957,46.36047,2.8118647,0,0,0,0,0,0,0,0,0,0,0,0,1,0,0,0,0,0,0
1958,47.087821,-.29660512,0,0,0,0,0,0,0,0,0,0,0,0,1,0,0,0,0,0,0
1959,44.781273,4.8888305,0,0,0,0,0,0,0,0,0,0,0,0,1,0,0,0,0,0,0
1960,41.121861,8.4141105,0,0,0,0,0,0,0,0,0,0,0,0,1,0,0,0,0,0,0
1961,38.889,.28892625,0,0,0,0,0,0,0,0,0,0,0,0,1,0,0,0,0,0,0
1962,35.185286,6.8493007,0,0,0,0,0,0,0,0,0,0,0,0,1,0,0,0,0,0,0
1963,34.593122,3.6208367,0,0,0,0,0,0,0,0,0,0,0,0,1,0,0,0,0,0,0
1964,29.770053,8.2887043,0,0,0,0,0,0,0,0,0,0,0,0,1,0,0,0,0,0,0
1965,28.276861,5.2330357,0,0,0,0,0,0,0,0,0,0,0,0,1,0,0,0,0,0,0
1966,28.068935,2.7558434,0,0,0,0,0,0,0,0,0,0,0,0,1,0,0,0,0,0,0
1967,29.3828,5.2628602,0,0,0,0,0,0,0,0,0,0,0,0,1,0,0,0,0,0,0
1968,28.957437,6.4175885,0,0,0,0,0,0,0,0,0,0,0,0,1,0,0,0,0,0,0
1969,23.913751,6.4381398,0,0,0,0,0,0,0,0,0,0,0,0,1,0,0,0,0,0,0
1970,23.393401,5.6949414,0,0,0,0,0,0,0,0,0,0,0,0,1,0,0,0,0,0,0
1971,21.176774,4.2217306,0,0,0,0,0,0,0,0,0,0,0,0,1,0,0,0,0,0,0
1972,19.175586,3.3099748,0,0,0,0,0,0,0,0,0,0,0,0,1,0,0,0,0,0,0
1973,17.108812,4.6879746,0,0,0,0,0,0,0,0,0,0,0,0,1,0,0,0,0,0,0
1974,16.650109,3.9660733,0,0,0,0,0,0,0,0,0,0,0,0,1,0,0,0,0,0,0
1975,17.738731,-.09137517,0,0,0,0,0,0,0,0,0,0,0,0,1,0,0,0,0,0,0
1976,18.690641,4.7087559,0,0,0,0,0,0,0,0,0,0,0,0,1,0,0,0,0,0,0
1977,19.319469,2.7187046,0,0,0,0,0,0,0,0,0,0,0,0,1,0,0,0,0,0,0
1978,20.661882,2.3585482,0,0,0,0,0,0,0,0,0,0,0,0,1,0,0,0,0,0,0
1979,22.69375,2.2270973,0,0,0,0,0,0,0,0,0,0,0,0,1,0,0,0,0,0,0
1980,26.070022,1.2058335,0,0,0,0,0,0,0,0,0,0,0,0,1,0,0,0,0,0,0
1981,30.499202,-.51374977,0,0,0,0,0,0,0,0,0,0,0,0,1,0,0,0,0,0,0
1982,36.555252,-1.2830966,0,0,0,0,0,0,0,0,0,0,0,0,1,0,0,0,0,0,0
1983,42.705017,1.7579618,0,0,0,0,0,0,0,0,0,0,0,0,1,0,0,0,0,0,0
1984,47.82328,3.1191949,0,0,0,0,0,0,0,0,0,0,0,0,1,0,0,0,0,0,0
1985,51.438417,2.6563332,0,0,0,0,0,0,0,0,0,0,0,0,1,0,0,0,0,0,0
1986,51.922394,3.1247258,0,0,0,0,0,0,0,0,0,0,0,0,1,0,0,0,0,0,0
1987,54.128957,1.8507284,0,0,0,0,0,0,0,0,0,0,0,0,1,0,0,0,0,0,0
1988,56.887087,2.9804343,0,0,0,0,0,0,0,0,0,0,0,0,1,0,0,0,0,0,0
1989,57.520964,4.7845945,0,0,0,0,0,0,0,0,0,0,0,0,1,0,0,0,0,0,0
1990,58.424789,4.064611,0,0,0,0,0,0,0,0,0,0,0,0,1,0,0,0,0,0,0
1991,59.248403,2.4050948,0,0,0,0,0,0,0,0,0,0,0,0,1,0,0,0,0,0,0
1992,60.64427,1.4895156,0,0,0,0,0,0,0,0,0,0,0,0,1,0,0,0,0,0,0
1993,61.227776,.65135733,0,0,0,0,0,0,0,0,0,0,0,0,1,0,0,0,0,0,0
1994,58.048741,2.8643692,0,0,0,0,0,0,0,0,0,0,0,0,1,0,0,0,0,0,0
1995,58.933175,3.0331905,0,0,0,0,0,0,0,0,0,0,0,0,1,0,0,0,0,0,0
1996,57.669153,3.4060045,0,0,0,0,0,0,0,0,0,0,0,0,1,0,0,0,0,0,0
1997,53.91001,4.2784354,0,0,0,0,0,0,0,0,0,0,0,0,1,0,0,0,0,0,0
1998,52.005165,3.9235208,0,0,0,0,0,0,0,0,0,0,0,0,1,0,0,0,0,0,0
1999,49.120517,4.6844858,0,0,0,0,0,0,0,0,0,0,0,0,1,0,0,0,0,0,0
2000,42.994545,3.940932,0,0,0,0,0,0,0,0,0,0,0,0,1,0,0,0,0,0,0
2001,40.247381,1.9257824,0,0,0,0,0,0,0,0,0,0,0,0,1,0,0,0,0,0,0
2002,40.433005,.07628947,0,0,0,0,0,0,0,0,0,0,0,0,1,0,0,0,0,0,0
2003,42.520626,.33565233,0,0,0,0,0,0,0,0,0,0,0,0,1,0,0,0,0,0,0
2004,43.751425,2.2365084,0,0,0,0,0,0,0,0,0,0,0,0,1,0,0,0,0,0,0
2005,42.948382,2.0465001,0,0,0,0,0,0,0,0,0,0,0,0,1,0,0,0,0,0,0
2006,39.169517,3.3942664,0,0,0,0,0,0,0,0,0,0,0,0,1,0,0,0,0,0,0
2007,37.983765,3.6131157,0,0,0,0,0,0,0,0,0,0,0,0,1,0,0,0,0,0,0
2008,50.295108,1.9958084,0,0,0,0,0,0,0,0,0,0,0,0,1,0,0,0,0,0,0
2009,50.475485,-4.1727162,0,0,0,0,0,0,0,0,0,0,0,0,1,0,0,0,0,0,0
1948,117.20596,4.85482,0,0,0,0,0,0,0,0,0,0,0,0,0,1,0,0,0,0,0
1949,111.48627,-.64075568,0,0,0,0,0,0,0,0,0,0,0,0,0,1,0,0,0,0,0
1950,87.652912,6.6173362,0,0,0,0,0,0,0,0,0,0,0,0,0,1,0,0,0,0,0
1951,91.751131,13.941584,0,0,0,0,0,0,0,0,0,0,0,0,0,1,0,0,0,0,0
1952,85.83161,-4.3487762,0,0,0,0,0,0,0,0,0,0,0,0,0,1,0,0,0,0,0
1953,79.263846,.85040489,0,0,0,0,0,0,0,0,0,0,0,0,0,1,0,0,0,0,0
1954,75.275599,6.6520194,0,0,0,0,0,0,0,0,0,0,0,0,0,1,0,0,0,0,0
1955,73.843759,7.2352581,0,0,0,0,0,0,0,0,0,0,0,0,0,1,0,0,0,0,0
1956,70.760443,1.9197301,0,0,0,0,0,0,0,0,0,0,0,0,0,1,0,0,0,0,0
1957,68.05564,3.2811736,0,0,0,0,0,0,0,0,0,0,0,0,0,1,0,0,0,0,0
1958,67.394313,2.0550108,0,0,0,0,0,0,0,0,0,0,0,0,0,1,0,0,0,0,0
1959,65.797905,1.1535581,0,0,0,0,0,0,0,0,0,0,0,0,0,1,0,0,0,0,0
1960,62.859397,5.3405956,0,0,0,0,0,0,0,0,0,0,0,0,0,1,0,0,0,0,0
1961,62.391161,6.6674172,0,0,0,0,0,0,0,0,0,0,0,0,0,1,0,0,0,0,0
1962,60.276359,.61353607,0,0,0,0,0,0,0,0,0,0,0,0,0,1,0,0,0,0,0
1963,59.098258,6.2436422,0,0,0,0,0,0,0,0,0,0,0,0,0,1,0,0,0,0,0
1964,56.33168,4.711931,0,0,0,0,0,0,0,0,0,0,0,0,0,1,0,0,0,0,0
1965,55.186536,6.7690997,0,0,0,0,0,0,0,0,0,0,0,0,0,1,0,0,0,0,0
1966,55.854568,5.2546599,0,0,0,0,0,0,0,0,0,0,0,0,0,1,0,0,0,0,0
1967,57.660865,-2.097324,0,0,0,0,0,0,0,0,0,0,0,0,0,1,0,0,0,0,0
1968,58.984874,-.04750197,0,0,0,0,0,0,0,0,0,0,0,0,0,1,0,0,0,0,0
1969,54.080249,.22146154,0,0,0,0,0,0,0,0,0,0,0,0,0,1,0,0,0,0,0
1970,49.333213,8.5760367,0,0,0,0,0,0,0,0,0,0,0,0,0,1,0,0,0,0,0
1971,43.743992,2.9792223,0,0,0,0,0,0,0,0,0,0,0,0,0,1,0,0,0,0,0
1972,39.982281,10.629497,0,0,0,0,0,0,0,0,0,0,0,0,0,1,0,0,0,0,0
1973,37.775845,6.5300851,0,0,0,0,0,0,0,0,0,0,0,0,0,1,0,0,0,0,0
1974,36.047548,4.5305177,0,0,0,0,0,0,0,0,0,0,0,0,0,1,0,0,0,0,0
1975,35.815907,-4.2394528,0,0,0,0,0,0,0,0,0,0,0,0,0,1,0,0,0,0,0
1976,39.373094,-1.3784267,0,0,0,0,0,0,0,0,0,0,0,0,0,1,0,0,0,0,0
1977,41.970608,5.8892861,0,0,0,0,0,0,0,0,0,0,0,0,0,1,0,0,0,0,0
1978,44.097181,-5.131219,0,0,0,0,0,0,0,0,0,0,0,0,0,1,0,0,0,0,0
1979,44.526396,-.29672328,0,0,0,0,0,0,0,0,0,0,0,0,0,1,0,0,0,0,0
1980,44.976514,1.009,0,0,0,0,0,0,0,0,0,0,0,0,0,1,0,0,0,0,0
1981,41.629916,2.961,0,0,0,0,0,0,0,0,0,0,0,0,0,1,0,0,0,0,0
1982,45.767137,2.878,0,0,0,0,0,0,0,0,0,0,0,0,0,1,0,0,0,0,0
1983,53.752978,-.124,0,0,0,0,0,0,0,0,0,0,0,0,0,1,0,0,0,0,0
1984,55.59142,6.858,0,0,0,0,0,0,0,0,0,0,0,0,0,1,0,0,0,0,0
1985,62.364737,1.213,0,0,0,0,0,0,0,0,0,0,0,0,0,1,0,0,0,0,0
1986,57.291219,1.81,0,0,0,0,0,0,0,0,0,0,0,0,0,1,0,0,0,0,0
1987,67.777512,.754,0,0,0,0,0,0,0,0,0,0,0,0,0,1,0,0,0,0,0
1988,57.438582,-.022,0,0,0,0,0,0,0,0,0,0,0,0,0,1,0,0,0,0,0
1989,55.264732,.846,0,0,0,0,0,0,0,0,0,0,0,0,0,1,0,0,0,0,0
1990,60.617618,.056,0,0,0,0,0,0,0,0,0,0,0,0,0,1,0,0,0,0,0
1991,60.237743,-1.677,0,0,0,0,0,0,0,0,0,0,0,0,0,1,0,0,0,0,0
1992,62.028546,.771,0,0,0,0,0,0,0,0,0,0,0,0,0,1,0,0,0,0,0
1993,58.336098,5.195,0,0,0,0,0,0,0,0,0,0,0,0,0,1,0,0,0,0,0
1994,52.977556,5.859,0,0,0,0,0,0,0,0,0,0,0,0,0,1,0,0,0,0,0
1995,47.201884,4.337,0,0,0,0,0,0,0,0,0,0,0,0,0,1,0,0,0,0,0
1996,42.363798,4.019,0,0,0,0,0,0,0,0,0,0,0,0,0,1,0,0,0,0,0
1997,35.398892,2.163,0,0,0,0,0,0,0,0,0,0,0,0,0,1,0,0,0,0,0
1998,36.649225,-.048,0,0,0,0,0,0,0,0,0,0,0,0,0,1,0,0,0,0,0
1999,33.484435,4.329,0,0,0,0,0,0,0,0,0,0,0,0,0,1,0,0,0,0,0
2000,31.095025,3.83,0,0,0,0,0,0,0,0,0,0,0,0,0,1,0,0,0,0,0
2001,29.492795,2.614,0,0,0,0,0,0,0,0,0,0,0,0,0,1,0,0,0,0,0
2002,27.633849,4.926,0,0,0,0,0,0,0,0,0,0,0,0,0,1,0,0,0,0,0
2003,25.787134,4.135,0,0,0,0,0,0,0,0,0,0,0,0,0,1,0,0,0,0,0
2004,23.693196,4.536,0,0,0,0,0,0,0,0,0,0,0,0,0,1,0,0,0,0,0
2005,22.271297,2.813,0,0,0,0,0,0,0,0,0,0,0,0,0,1,0,0,0,0,0
2006,21.348159,1.954,0,0,0,0,0,0,0,0,0,0,0,0,0,1,0,0,0,0,0
2007,17.52507,3.193,0,0,0,0,0,0,0,0,0,0,0,0,0,1,0,0,0,0,0
2008,17.738617,.194,0,0,0,0,0,0,0,0,0,0,0,0,0,1,0,0,0,0,0
2009,24.254698,-2.175,0,0,0,0,0,0,0,0,0,0,0,0,0,1,0,0,0,0,0
1947,53.108694,13.562973,0,0,0,0,0,0,0,0,0,0,0,0,0,0,1,0,0,0,0
1948,45.528625,6.9515166,0,0,0,0,0,0,0,0,0,0,0,0,0,0,1,0,0,0,0
1949,45.474848,2.6670899,0,0,0,0,0,0,0,0,0,0,0,0,0,0,1,0,0,0,0
1950,31.531878,4.8700871,0,0,0,0,0,0,0,0,0,0,0,0,0,0,1,0,0,0,0
1951,26.343725,5.4177667,0,0,0,0,0,0,0,0,0,0,0,0,0,0,1,0,0,0,0
1952,23.795582,3.5243704,0,0,0,0,0,0,0,0,0,0,0,0,0,0,1,0,0,0,0
1953,25.961548,3.9716526,0,0,0,0,0,0,0,0,0,0,0,0,0,0,1,0,0,0,0
1954,26.189307,5.0475295,0,0,0,0,0,0,0,0,0,0,0,0,0,0,1,0,0,0,0
1955,26.701129,2.2077303,0,0,0,0,0,0,0,0,0,0,0,0,0,0,1,0,0,0,0
1956,26.860753,5.3367638,0,0,0,0,0,0,0,0,0,0,0,0,0,0,1,0,0,0,0
1957,28.14654,3.0157765,0,0,0,0,0,0,0,0,0,0,0,0,0,0,1,0,0,0,0
1958,28.460985,0,0,0,0,0,0,0,0,0,0,0,0,0,0,0,1,0,0,0,0
1959,29.897926,4.2152969,0,0,0,0,0,0,0,0,0,0,0,0,0,0,1,0,0,0,0
1960,29.460947,5.626654,0,0,0,0,0,0,0,0,0,0,0,0,0,0,1,0,0,0,0
1961,25.106638,6.2677256,0,0,0,0,0,0,0,0,0,0,0,0,0,0,1,0,0,0,0
1962,24.276156,2.8160051,0,0,0,0,0,0,0,0,0,0,0,0,0,0,1,0,0,0,0
1963,22.975625,3.824341,0,0,0,0,0,0,0,0,0,0,0,0,0,0,1,0,0,0,0
1964,22.075138,4.9776513,0,0,0,0,0,0,0,0,0,0,0,0,0,0,1,0,0,0,0
1965,20.505839,5.3105049,0,0,0,0,0,0,0,0,0,0,0,0,0,0,1,0,0,0,0
1966,22.252561,3.7820336,0,0,0,0,0,0,0,0,0,0,0,0,0,0,1,0,0,0,0
1967,23.102178,6.2474106,0,0,0,0,0,0,0,0,0,0,0,0,0,0,1,0,0,0,0
1968,23.093333,2.2456854,0,0,0,0,0,0,0,0,0,0,0,0,0,0,1,0,0,0,0
1969,22.7938,4.5128244,0,0,0,0,0,0,0,0,0,0,0,0,0,0,1,0,0,0,0
1970,23.635089,1.9870126,0,0,0,0,0,0,0,0,0,0,0,0,0,0,1,0,0,0,0
1971,24.300544,5.1304961,0,0,0,0,0,0,0,0,0,0,0,0,0,0,1,0,0,0,0
1972,26.08784,5.0931593,0,0,0,0,0,0,0,0,0,0,0,0,0,0,1,0,0,0,0
1973,26.392912,4.4131697,0,0,0,0,0,0,0,0,0,0,0,0,0,0,1,0,0,0,0
1974,26.164341,4.1921986,0,0,0,0,0,0,0,0,0,0,0,0,0,0,1,0,0,0,0
1975,27.627066,5.2278681,0,0,0,0,0,0,0,0,0,0,0,0,0,0,1,0,0,0,0
1976,29.423756,5.8630557,0,0,0,0,0,0,0,0,0,0,0,0,0,0,1,0,0,0,0
1977,34.849529,4.2675068,0,0,0,0,0,0,0,0,0,0,0,0,0,0,1,0,0,0,0
1978,35.642657,3.4876822,0,0,0,0,0,0,0,0,0,0,0,0,0,0,1,0,0,0,0
1979,38.60853,4.481255,0,0,0,0,0,0,0,0,0,0,0,0,0,0,1,0,0,0,0
1980,33.970028,4.9494397,0,0,0,0,0,0,0,0,0,0,0,0,0,0,1,0,0,0,0
1981,29.836459,1.5475053,0,0,0,0,0,0,0,0,0,0,0,0,0,0,1,0,0,0,0
1982,26.001979,.12499352,0,0,0,0,0,0,0,0,0,0,0,0,0,0,1,0,0,0,0
1983,20.836349,3.8668937,0,0,0,0,0,0,0,0,0,0,0,0,0,0,1,0,0,0,0
1984,23.222823,5.8941037,0,0,0,0,0,0,0,0,0,0,0,0,0,0,1,0,0,0,0
1985,25.775118,5.3540295,0,0,0,0,0,0,0,0,0,0,0,0,0,0,1,0,0,0,0
1986,34.031596,4.0375523,0,0,0,0,0,0,0,0,0,0,0,0,0,0,1,0,0,0,0
1987,26.529901,1.7800135,0,0,0,0,0,0,0,0,0,0,0,0,0,0,1,0,0,0,0
1988,25.529197,-.17284883,0,0,0,0,0,0,0,0,0,0,0,0,0,0,1,0,0,0,0
1989,25.356906,.99755855,0,0,0,0,0,0,0,0,0,0,0,0,0,0,1,0,0,0,0
1990,22.391433,1.927514,0,0,0,0,0,0,0,0,0,0,0,0,0,0,1,0,0,0,0
1991,22.941189,3.104629,0,0,0,0,0,0,0,0,0,0,0,0,0,0,1,0,0,0,0
1992,27.219264,3.523105,0,0,0,0,0,0,0,0,0,0,0,0,0,0,1,0,0,0,0
1993,35.353222,2.7866371,0,0,0,0,0,0,0,0,0,0,0,0,0,0,1,0,0,0,0
1994,33.022191,5.0513843,0,0,0,0,0,0,0,0,0,0,0,0,0,0,1,0,0,0,0
1995,30.817532,4.1863491,0,0,0,0,0,0,0,0,0,0,0,0,0,0,1,0,0,0,0
1996,27.573645,5.0997663,0,0,0,0,0,0,0,0,0,0,0,0,0,0,1,0,0,0,0
1997,24.676906,5.3926403,0,0,0,0,0,0,0,0,0,0,0,0,0,0,1,0,0,0,0
1998,22.246396,2.6827835,0,0,0,0,0,0,0,0,0,0,0,0,0,0,1,0,0,0,0
1999,20.862523,2.0257706,0,0,0,0,0,0,0,0,0,0,0,0,0,0,1,0,0,0,0
2000,19.301936,3.253568,0,0,0,0,0,0,0,0,0,0,0,0,0,0,1,0,0,0,0
2001,18.132788,1.9901541,0,0,0,0,0,0,0,0,0,0,0,0,0,0,1,0,0,0,0
2002,18.992697,1.5020556,0,0,0,0,0,0,0,0,0,0,0,0,0,0,1,0,0,0,0
2003,21.321722,1.013524,0,0,0,0,0,0,0,0,0,0,0,0,0,0,1,0,0,0,0
2004,18.401987,3.8641264,0,0,0,0,0,0,0,0,0,0,0,0,0,0,1,0,0,0,0
2005,17.172666,2.7392074,0,0,0,0,0,0,0,0,0,0,0,0,0,0,1,0,0,0,0
2006,12.472992,2.2808885,0,0,0,0,0,0,0,0,0,0,0,0,0,0,1,0,0,0,0
2007,11.652841,3.1340918,0,0,0,0,0,0,0,0,0,0,0,0,0,0,1,0,0,0,0
2008,13.733479,2.1321303,0,0,0,0,0,0,0,0,0,0,0,0,0,0,1,0,0,0,0
2009,21.653991,-1.9066761,0,0,0,0,0,0,0,0,0,0,0,0,0,0,1,0,0,0,0
1950,24.648379,2.8372935,0,0,0,0,0,0,0,0,0,0,0,0,0,0,0,1,0,0,0
1953,20.792683,6.978511,0,0,0,0,0,0,0,0,0,0,0,0,0,0,0,1,0,0,0
1954,20.312871,4.7986203,0,0,0,0,0,0,0,0,0,0,0,0,0,0,0,1,0,0,0
1955,19.670412,4.1239109,0,0,0,0,0,0,0,0,0,0,0,0,0,0,0,1,0,0,0
1956,19.195122,4.3650056,0,0,0,0,0,0,0,0,0,0,0,0,0,0,0,1,0,0,0
1957,18.524126,4.4274197,0,0,0,0,0,0,0,0,0,0,0,0,0,0,0,1,0,0,0
1958,17.622821,1.3137129,0,0,0,0,0,0,0,0,0,0,0,0,0,0,0,1,0,0,0
1959,17.313522,5.414053,0,0,0,0,0,0,0,0,0,0,0,0,0,0,0,1,0,0,0
1960,15.942701,6.677583,0,0,0,0,0,0,0,0,0,0,0,0,0,0,0,1,0,0,0
1961,14.850444,5.4621691,0,0,0,0,0,0,0,0,0,0,0,0,0,0,0,1,0,0,0
1962,13.985697,6.6382677,0,0,0,0,0,0,0,0,0,0,0,0,0,0,0,1,0,0,0
1963,16.234907,5.9354194,0,0,0,0,0,0,0,0,0,0,0,0,0,0,0,1,0,0,0
1964,15.547667,6.592716,0,0,0,0,0,0,0,0,0,0,0,0,0,0,0,1,0,0,0
1965,14.717015,7.4437664,0,0,0,0,0,0,0,0,0,0,0,0,0,0,0,1,0,0,0
1966,14.578073,4.0690336,0,0,0,0,0,0,0,0,0,0,0,0,0,0,0,1,0,0,0
1967,15.991085,7.548314,0,0,0,0,0,0,0,0,0,0,0,0,0,0,0,1,0,0,0
1968,16.89276,8.8963522,0,0,0,0,0,0,0,0,0,0,0,0,0,0,0,1,0,0,0
1969,17.617445,2.1228698,0,0,0,0,0,0,0,0,0,0,0,0,0,0,0,1,0,0,0
1970,16.964484,9.112953,0,0,0,0,0,0,0,0,0,0,0,0,0,0,0,1,0,0,0
1971,16.053987,6.6325912,0,0,0,0,0,0,0,0,0,0,0,0,0,0,0,1,0,0,0
1972,14.107234,8.0142476,0,0,0,0,0,0,0,0,0,0,0,0,0,0,0,1,0,0,0
1973,11.801559,11.201347,0,0,0,0,0,0,0,0,0,0,0,0,0,0,0,1,0,0,0
1974,10.309755,1.1435872,0,0,0,0,0,0,0,0,0,0,0,0,0,0,0,1,0,0,0
1975,10.248674,-4.3479617,0,0,0,0,0,0,0,0,0,0,0,0,0,0,0,1,0,0,0
1976,9.1113244,6.899925,0,0,0,0,0,0,0,0,0,0,0,0,0,0,0,1,0,0,0
1977,7.4299374,5.6019888,0,0,0,0,0,0,0,0,0,0,0,0,0,0,0,1,0,0,0
1978,6.8116316,2.8163318,0,0,0,0,0,0,0,0,0,0,0,0,0,0,0,1,0,0,0
1979,6.309577,5.6385116,0,0,0,0,0,0,0,0,0,0,0,0,0,0,0,1,0,0,0
1980,7.9885991,6.725,0,0,0,0,0,0,0,0,0,0,0,0,0,0,0,1,0,0,0
1981,10.085468,3.523,0,0,0,0,0,0,0,0,0,0,0,0,0,0,0,1,0,0,0
1982,11.378505,2.163,0,0,0,0,0,0,0,0,0,0,0,0,0,0,0,1,0,0,0
1983,12.709302,.972,0,0,0,0,0,0,0,0,0,0,0,0,0,0,0,1,0,0,0
1984,9.0126894,-1.042,0,0,0,0,0,0,0,0,0,0,0,0,0,0,0,1,0,0,0
1985,13.249885,1.636,0,0,0,0,0,0,0,0,0,0,0,0,0,0,0,1,0,0,0
1986,14.026008,3.32,0,0,0,0,0,0,0,0,0,0,0,0,0,0,0,1,0,0,0
1987,15.836479,7.632,0,0,0,0,0,0,0,0,0,0,0,0,0,0,0,1,0,0,0
1988,18.420301,5.34,0,0,0,0,0,0,0,0,0,0,0,0,0,0,0,1,0,0,0
1989,21.220255,6.649,0,0,0,0,0,0,0,0,0,0,0,0,0,0,0,1,0,0,0
1990,23.819476,7.859,0,0,0,0,0,0,0,0,0,0,0,0,0,0,0,1,0,0,0
1991,25.279631,3.37,0,0,0,0,0,0,0,0,0,0,0,0,0,0,0,1,0,0,0
1992,29.569308,3.13,0,0,0,0,0,0,0,0,0,0,0,0,0,0,0,1,0,0,0
1993,33.554594,-.687,0,0,0,0,0,0,0,0,0,0,0,0,0,0,0,1,0,0,0
1994,35.440001,1.489,0,0,0,0,0,0,0,0,0,0,0,0,0,0,0,1,0,0,0
1995,35.889629,2.307,0,0,0,0,0,0,0,0,0,0,0,0,0,0,0,1,0,0,0
1996,39.170437,3.619,0,0,0,0,0,0,0,0,0,0,0,0,0,0,0,1,0,0,0
1997,39.432845,4.186,0,0,0,0,0,0,0,0,0,0,0,0,0,0,0,1,0,0,0
1998,32.933777,4.852,0,0,0,0,0,0,0,0,0,0,0,0,0,0,0,1,0,0,0
1999,29.350733,3.841,0,0,0,0,0,0,0,0,0,0,0,0,0,0,0,1,0,0,0
2000,54.122459,3.925,0,0,0,0,0,0,0,0,0,0,0,0,0,0,0,1,0,0,0
2001,56.029084,2.016,0,0,0,0,0,0,0,0,0,0,0,0,0,0,0,1,0,0,0
2002,58.681533,.759,0,0,0,0,0,0,0,0,0,0,0,0,0,0,0,1,0,0,0
2003,60.164376,-.805,0,0,0,0,0,0,0,0,0,0,0,0,0,0,0,1,0,0,0
2004,62.957282,1.516,0,0,0,0,0,0,0,0,0,0,0,0,0,0,0,1,0,0,0
2005,68.237175,.91,0,0,0,0,0,0,0,0,0,0,0,0,0,0,0,1,0,0,0
2006,69.835921,1.368,0,0,0,0,0,0,0,0,0,0,0,0,0,0,0,1,0,0,0
2007,69.129071,1.872,0,0,0,0,0,0,0,0,0,0,0,0,0,0,0,1,0,0,0
2008,71.265187,-.045,0,0,0,0,0,0,0,0,0,0,0,0,0,0,0,1,0,0,0
2009,80.101451,-3,0,0,0,0,0,0,0,0,0,0,0,0,0,0,0,1,0,0,0
1946,61.199298,4.1562497,0,0,0,0,0,0,0,0,0,0,0,0,0,0,0,0,1,0,0
1947,55.108075,1.9840149,0,0,0,0,0,0,0,0,0,0,0,0,0,0,0,0,1,0,0
1948,55.609532,.28195038,0,0,0,0,0,0,0,0,0,0,0,0,0,0,0,0,1,0,0
1949,53.878367,-.01679406,0,0,0,0,0,0,0,0,0,0,0,0,0,0,0,0,1,0,0
1950,46.221943,2.0570024,0,0,0,0,0,0,0,0,0,0,0,0,0,0,0,0,1,0,0
1951,39.961651,9.2057478,0,0,0,0,0,0,0,0,0,0,0,0,0,0,0,0,1,0,0
1952,38.903838,8.5653381,0,0,0,0,0,0,0,0,0,0,0,0,0,0,0,0,1,0,0
1953,40.299853,-.02872545,0,0,0,0,0,0,0,0,0,0,0,0,0,0,0,0,1,0,0
1954,37.939348,7.0976325,0,0,0,0,0,0,0,0,0,0,0,0,0,0,0,0,1,0,0
1955,38.872555,3.3186168,0,0,0,0,0,0,0,0,0,0,0,0,0,0,0,0,1,0,0
1956,35.29019,8.1839979,0,0,0,0,0,0,0,0,0,0,0,0,0,0,0,0,1,0,0
1957,34.051233,3.2834265,0,0,0,0,0,0,0,0,0,0,0,0,0,0,0,0,1,0,0
1958,30.015644,6.2750474,0,0,0,0,0,0,0,0,0,0,0,0,0,0,0,0,1,0,0
1959,29.387407,-2.2967658,0,0,0,0,0,0,0,0,0,0,0,0,0,0,0,0,1,0,0
1960,30.027711,1.5844405,0,0,0,0,0,0,0,0,0,0,0,0,0,0,0,0,1,0,0
1961,27.479915,12.822066,0,0,0,0,0,0,0,0,0,0,0,0,0,0,0,0,1,0,0
1962,25.455936,11.488224,0,0,0,0,0,0,0,0,0,0,0,0,0,0,0,0,1,0,0
1963,22.144576,10.213201,0,0,0,0,0,0,0,0,0,0,0,0,0,0,0,0,1,0,0
1964,18.782482,9.8339171,0,0,0,0,0,0,0,0,0,0,0,0,0,0,0,0,1,0,0
1965,17.599156,6.6193095,0,0,0,0,0,0,0,0,0,0,0,0,0,0,0,0,1,0,0
1966,17.103868,7.4642983,0,0,0,0,0,0,0,0,0,0,0,0,0,0,0,0,1,0,0
1967,16.963472,6.7162407,0,0,0,0,0,0,0,0,0,0,0,0,0,0,0,0,1,0,0
1968,17.506086,6.003641,0,0,0,0,0,0,0,0,0,0,0,0,0,0,0,0,1,0,0
1969,17.936815,9.0041831,0,0,0,0,0,0,0,0,0,0,0,0,0,0,0,0,1,0,0
1970,17.982586,5.7281995,0,0,0,0,0,0,0,0,0,0,0,0,0,0,0,0,1,0,0
1971,16.910681,5.7219601,0,0,0,0,0,0,0,0,0,0,0,0,0,0,0,0,1,0,0
1972,16.591479,8.2626735,0,0,0,0,0,0,0,0,0,0,0,0,0,0,0,0,1,0,0
1973,15.477864,8.9286953,0,0,0,0,0,0,0,0,0,0,0,0,0,0,0,0,1,0,0
1974,13.100426,7.4321084,0,0,0,0,0,0,0,0,0,0,0,0,0,0,0,0,1,0,0
1975,11.579896,3.519663,0,0,0,0,0,0,0,0,0,0,0,0,0,0,0,0,1,0,0
1976,8.0069633,4.2860416,0,0,0,0,0,0,0,0,0,0,0,0,0,0,0,0,1,0,0
1977,8.5575561,3.9806685,0,0,0,0,0,0,0,0,0,0,0,0,0,0,0,0,1,0,0
1978,9.7588349,3.333354,0,0,0,0,0,0,0,0,0,0,0,0,0,0,0,0,1,0,0
1979,9.7104247,1.4239455,0,0,0,0,0,0,0,0,0,0,0,0,0,0,0,0,1,0,0
1980,9.7553538,1.203,0,0,0,0,0,0,0,0,0,0,0,0,0,0,0,0,1,0,0
1981,10.399658,-.40798651,0,0,0,0,0,0,0,0,0,0,0,0,0,0,0,0,1,0,0
1982,11.583412,1.2387818,0,0,0,0,0,0,0,0,0,0,0,0,0,0,0,0,1,0,0
1983,12.99764,1.6524896,0,0,0,0,0,0,0,0,0,0,0,0,0,0,0,0,1,0,0
1984,17.734361,1.6980599,0,0,0,0,0,0,0,0,0,0,0,0,0,0,0,0,1,0,0
1985,30.388138,2.3616439,0,0,0,0,0,0,0,0,0,0,0,0,0,0,0,0,1,0,0
1986,35.235126,3.4320487,0,0,0,0,0,0,0,0,0,0,0,0,0,0,0,0,1,0,0
1987,36.250368,5.7089832,0,0,0,0,0,0,0,0,0,0,0,0,0,0,0,0,1,0,0
1988,36.683698,5.2845472,0,0,0,0,0,0,0,0,0,0,0,0,0,0,0,0,1,0,0
1989,33.067137,5.0039236,0,0,0,0,0,0,0,0,0,0,0,0,0,0,0,0,1,0,0
1990,34.481664,3.8464549,0,0,0,0,0,0,0,0,0,0,0,0,0,0,0,0,1,0,0
1991,35.98972,2.5255644,0,0,0,0,0,0,0,0,0,0,0,0,0,0,0,0,1,0,0
1992,36.114649,.85060066,0,0,0,0,0,0,0,0,0,0,0,0,0,0,0,0,1,0,0
1993,39.405957,-1.3136949,0,0,0,0,0,0,0,0,0,0,0,0,0,0,0,0,1,0,0
1994,48.6878,2.3345135,0,0,0,0,0,0,0,0,0,0,0,0,0,0,0,0,1,0,0
1995,48.76755,4.1222352,0,0,0,0,0,0,0,0,0,0,0,0,0,0,0,0,1,0,0
1996,52.162404,2.4212609,0,0,0,0,0,0,0,0,0,0,0,0,0,0,0,0,1,0,0
1997,55.774437,3.865442,0,0,0,0,0,0,0,0,0,0,0,0,0,0,0,0,1,0,0
1998,55.715239,4.4688463,0,0,0,0,0,0,0,0,0,0,0,0,0,0,0,0,1,0,0
1999,50.821806,4.7452907,0,0,0,0,0,0,0,0,0,0,0,0,0,0,0,0,1,0,0
2000,48.440096,5.0528063,0,0,0,0,0,0,0,0,0,0,0,0,0,0,0,0,1,0,0
2001,45.09063,3.645001,0,0,0,0,0,0,0,0,0,0,0,0,0,0,0,0,1,0,0
2002,42.780915,2.7038566,0,0,0,0,0,0,0,0,0,0,0,0,0,0,0,0,1,0,0
2003,39.484423,3.0976765,0,0,0,0,0,0,0,0,0,0,0,0,0,0,0,0,1,0,0
2004,37.947451,3.2665255,0,0,0,0,0,0,0,0,0,0,0,0,0,0,0,0,1,0,0
2005,35.119367,3.6154531,0,0,0,0,0,0,0,0,0,0,0,0,0,0,0,0,1,0,0
2006,31.744598,4.0173344,0,0,0,0,0,0,0,0,0,0,0,0,0,0,0,0,1,0,0
2007,29.178232,3.5653175,0,0,0,0,0,0,0,0,0,0,0,0,0,0,0,0,1,0,0
2008,32.928342,.85572999,0,0,0,0,0,0,0,0,0,0,0,0,0,0,0,0,1,0,0
2009,42.54268,-3.7672327,0,0,0,0,0,0,0,0,0,0,0,0,0,0,0,0,1,0,0
1946,47.243371,11.399403,0,0,0,0,0,0,0,0,0,0,0,0,0,0,0,0,0,1,0
1947,42.214743,7.9366448,0,0,0,0,0,0,0,0,0,0,0,0,0,0,0,0,0,1,0
1948,39.83917,2.3157796,0,0,0,0,0,0,0,0,0,0,0,0,0,0,0,0,0,1,0
1949,39.262871,2.949126,0,0,0,0,0,0,0,0,0,0,0,0,0,0,0,0,0,1,0
1950,38.869831,6.0078469,0,0,0,0,0,0,0,0,0,0,0,0,0,0,0,0,0,1,0
1951,32.387038,2.9771285,0,0,0,0,0,0,0,0,0,0,0,0,0,0,0,0,0,1,0
1952,29.449246,.56360976,0,0,0,0,0,0,0,0,0,0,0,0,0,0,0,0,0,1,0
1953,31.172221,4.0344231,0,0,0,0,0,0,0,0,0,0,0,0,0,0,0,0,0,1,0
1954,31.85135,5.2782634,0,0,0,0,0,0,0,0,0,0,0,0,0,0,0,0,0,1,0
1955,31.638696,2.8107866,0,0,0,0,0,0,0,0,0,0,0,0,0,0,0,0,0,1,0
1956,30.712695,3.4941009,0,0,0,0,0,0,0,0,0,0,0,0,0,0,0,0,0,1,0
1957,32.384716,3.0823043,0,0,0,0,0,0,0,0,0,0,0,0,0,0,0,0,0,1,0
1958,31.879426,3.6392378,0,0,0,0,0,0,0,0,0,0,0,0,0,0,0,0,0,1,0
1959,32.865877,4.7004653,0,0,0,0,0,0,0,0,0,0,0,0,0,0,0,0,0,1,0
1960,31.554441,5.6229559,0,0,0,0,0,0,0,0,0,0,0,0,0,0,0,0,0,1,0
1961,28.542319,5.0915189,0,0,0,0,0,0,0,0,0,0,0,0,0,0,0,0,0,1,0
1962,25.030518,6.0475553,0,0,0,0,0,0,0,0,0,0,0,0,0,0,0,0,0,1,0
1963,23.644335,5.2707268,0,0,0,0,0,0,0,0,0,0,0,0,0,0,0,0,0,1,0
1964,21.4456,8.0303933,0,0,0,0,0,0,0,0,0,0,0,0,0,0,0,0,0,1,0
1965,19.264938,5.1099979,0,0,0,0,0,0,0,0,0,0,0,0,0,0,0,0,0,1,0
1966,19.081214,4.3749374,0,0,0,0,0,0,0,0,0,0,0,0,0,0,0,0,0,1,0
1967,19.519028,3.2085376,0,0,0,0,0,0,0,0,0,0,0,0,0,0,0,0,0,1,0
1968,21.007827,4.4058384,0,0,0,0,0,0,0,0,0,0,0,0,0,0,0,0,0,1,0
1969,26.256352,5.6192939,0,0,0,0,0,0,0,0,0,0,0,0,0,0,0,0,0,1,0
1970,20.992765,5.5901037,0,0,0,0,0,0,0,0,0,0,0,0,0,0,0,0,0,1,0
1971,20.828612,.3012181,0,0,0,0,0,0,0,0,0,0,0,0,0,0,0,0,0,1,0
1972,22.151768,3.3021639,0,0,0,0,0,0,0,0,0,0,0,0,0,0,0,0,0,1,0
1973,22.618901,3.9506838,0,0,0,0,0,0,0,0,0,0,0,0,0,0,0,0,0,1,0
1974,24.212207,2.2309461,0,0,0,0,0,0,0,0,0,0,0,0,0,0,0,0,0,1,0
1975,24.425088,2.0890713,0,0,0,0,0,0,0,0,0,0,0,0,0,0,0,0,0,1,0
1976,23.636599,.44740368,0,0,0,0,0,0,0,0,0,0,0,0,0,0,0,0,0,1,0
1977,26.480206,-1.421069,0,0,0,0,0,0,0,0,0,0,0,0,0,0,0,0,0,1,0
1978,31.803855,2.2163493,0,0,0,0,0,0,0,0,0,0,0,0,0,0,0,0,0,1,0
1979,37.884998,3.9561894,0,0,0,0,0,0,0,0,0,0,0,0,0,0,0,0,0,1,0
1980,41.851249,2.598945,0,0,0,0,0,0,0,0,0,0,0,0,0,0,0,0,0,1,0
1981,49.312175,-.20224196,0,0,0,0,0,0,0,0,0,0,0,0,0,0,0,0,0,1,0
1982,57.475807,1.1931167,0,0,0,0,0,0,0,0,0,0,0,0,0,0,0,0,0,1,0
1983,62.506078,1.8097593,0,0,0,0,0,0,0,0,0,0,0,0,0,0,0,0,0,1,0
1984,64.715125,4.2712938,0,0,0,0,0,0,0,0,0,0,0,0,0,0,0,0,0,1,0
1985,66.20643,2.1896633,0,0,0,0,0,0,0,0,0,0,0,0,0,0,0,0,0,1,0
1986,64.021891,2.8610675,0,0,0,0,0,0,0,0,0,0,0,0,0,0,0,0,0,1,0
1987,58.26135,3.4571355,0,0,0,0,0,0,0,0,0,0,0,0,0,0,0,0,0,1,0
1988,52.333802,2.6664311,0,0,0,0,0,0,0,0,0,0,0,0,0,0,0,0,0,1,0
1989,46.396582,2.7791335,0,0,0,0,0,0,0,0,0,0,0,0,0,0,0,0,0,1,0
1990,43.51775,1.0102883,0,0,0,0,0,0,0,0,0,0,0,0,0,0,0,0,0,1,0
1991,45.217783,-1.1212867,0,0,0,0,0,0,0,0,0,0,0,0,0,0,0,0,0,1,0
1992,57.592096,-1.2035113,0,0,0,0,0,0,0,0,0,0,0,0,0,0,0,0,0,1,0
1993,71.964052,-2.0577861,0,0,0,0,0,0,0,0,0,0,0,0,0,0,0,0,0,1,0
1994,76.620493,3.9468575,0,0,0,0,0,0,0,0,0,0,0,0,0,0,0,0,0,1,0
1995,76.593858,3.9730566,0,0,0,0,0,0,0,0,0,0,0,0,0,0,0,0,0,1,0
1996,76.194623,1.4605204,0,0,0,0,0,0,0,0,0,0,0,0,0,0,0,0,0,1,0
1997,74.316347,2.4602816,0,0,0,0,0,0,0,0,0,0,0,0,0,0,0,0,0,1,0
1998,72.007664,3.8139455,0,0,0,0,0,0,0,0,0,0,0,0,0,0,0,0,0,1,0
1999,64.698607,4.5954028,0,0,0,0,0,0,0,0,0,0,0,0,0,0,0,0,0,1,0
2000,56.853808,4.3989324,0,0,0,0,0,0,0,0,0,0,0,0,0,0,0,0,0,1,0
2001,49.73076,1.0577394,0,0,0,0,0,0,0,0,0,0,0,0,0,0,0,0,0,1,0
2002,47.932426,2.4113087,0,0,0,0,0,0,0,0,0,0,0,0,0,0,0,0,0,1,0
2003,48.853567,1.9125969,0,0,0,0,0,0,0,0,0,0,0,0,0,0,0,0,0,1,0
2004,47.898863,4.1270446,0,0,0,0,0,0,0,0,0,0,0,0,0,0,0,0,0,1,0
2005,47.841563,3.2983394,0,0,0,0,0,0,0,0,0,0,0,0,0,0,0,0,0,1,0
2006,43.779694,4.2464596,0,0,0,0,0,0,0,0,0,0,0,0,0,0,0,0,0,1,0
2007,38.121657,2.5597221,0,0,0,0,0,0,0,0,0,0,0,0,0,0,0,0,0,1,0
2008,35.442494,-.1550691,0,0,0,0,0,0,0,0,0,0,0,0,0,0,0,0,0,1,0
2009,35.243281,-4.8277829,0,0,0,0,0,0,0,0,0,0,0,0,0,0,0,0,0,1,0
1946,247.48194,-2.4583102,0,0,0,0,0,0,0,0,0,0,0,0,0,0,0,0,0,0,1
1947,237.94096,-1.2762245,0,0,0,0,0,0,0,0,0,0,0,0,0,0,0,0,0,0,1
1948,213.97194,2.9241101,0,0,0,0,0,0,0,0,0,0,0,0,0,0,0,0,0,0,1
1949,197.76835,3.3147169,0,0,0,0,0,0,0,0,0,0,0,0,0,0,0,0,0,0,1
1950,193.88338,3.181459,0,0,0,0,0,0,0,0,0,0,0,0,0,0,0,0,0,0,1
1951,175.3382,2.7278189,0,0,0,0,0,0,0,0,0,0,0,0,0,0,0,0,0,0,1
1952,161.99087,.05238143,0,0,0,0,0,0,0,0,0,0,0,0,0,0,0,0,0,0,1
1953,152.15817,3.8362958,0,0,0,0,0,0,0,0,0,0,0,0,0,0,0,0,0,0,1
1954,146.65674,4.1118391,0,0,0,0,0,0,0,0,0,0,0,0,0,0,0,0,0,0,1
1955,138.19395,3.4577321,0,0,0,0,0,0,0,0,0,0,0,0,0,0,0,0,0,0,1
1956,129.02749,.92815687,0,0,0,0,0,0,0,0,0,0,0,0,0,0,0,0,0,0,1
1957,122.1805,1.6588467,0,0,0,0,0,0,0,0,0,0,0,0,0,0,0,0,0,0,1
1958,118.14317,.31935826,0,0,0,0,0,0,0,0,0,0,0,0,0,0,0,0,0,0,1
1959,112.43634,4.2810111,0,0,0,0,0,0,0,0,0,0,0,0,0,0,0,0,0,0,1
1960,106.75983,5.3301013,0,0,0,0,0,0,0,0,0,0,0,0,0,0,0,0,0,0,1
1961,103.06059,2.3333316,0,0,0,0,0,0,0,0,0,0,0,0,0,0,0,0,0,0,1
1962,99.87113,1.0812367,0,0,0,0,0,0,0,0,0,0,0,0,0,0,0,0,0,0,1
1963,98.155151,4.2985748,0,0,0,0,0,0,0,0,0,0,0,0,0,0,0,0,0,0,1
1964,90.965451,5.4803841,0,0,0,0,0,0,0,0,0,0,0,0,0,0,0,0,0,0,1
1965,84.822225,2.2269592,0,0,0,0,0,0,0,0,0,0,0,0,0,0,0,0,0,0,1
1966,82.068135,1.9251638,0,0,0,0,0,0,0,0,0,0,0,0,0,0,0,0,0,0,1
1967,79.407165,2.4637749,0,0,0,0,0,0,0,0,0,0,0,0,0,0,0,0,0,0,1
1968,78.326003,4.1981581,0,0,0,0,0,0,0,0,0,0,0,0,0,0,0,0,0,0,1
1969,72.271016,2.0745006,0,0,0,0,0,0,0,0,0,0,0,0,0,0,0,0,0,0,1
1970,63.987543,2.2442425,0,0,0,0,0,0,0,0,0,0,0,0,0,0,0,0,0,0,1
1971,57.988556,2.0932786,0,0,0,0,0,0,0,0,0,0,0,0,0,0,0,0,0,0,1
1972,55.461847,3.6555442,0,0,0,0,0,0,0,0,0,0,0,0,0,0,0,0,0,0,1
1973,49.48018,7.1958666,0,0,0,0,0,0,0,0,0,0,0,0,0,0,0,0,0,0,1
1974,47.477903,-1.3129396,0,0,0,0,0,0,0,0,0,0,0,0,0,0,0,0,0,0,1
1975,42.411237,-.62218467,0,0,0,0,0,0,0,0,0,0,0,0,0,0,0,0,0,0,1
1976,44.811283,2.6349623,0,0,0,0,0,0,0,0,0,0,0,0,0,0,0,0,0,0,1
1977,45.69955,2.3746986,0,0,0,0,0,0,0,0,0,0,0,0,0,0,0,0,0,0,1
1978,46.756897,3.2295998,0,0,0,0,0,0,0,0,0,0,0,0,0,0,0,0,0,0,1
1979,43.612589,2.680075,0,0,0,0,0,0,0,0,0,0,0,0,0,0,0,0,0,0,1
1980,40.875017,-2.0817979,0,0,0,0,0,0,0,0,0,0,0,0,0,0,0,0,0,0,1
1981,44.106618,-1.3234581,0,0,0,0,0,0,0,0,0,0,0,0,0,0,0,0,0,0,1
1982,42.128074,2.0930688,0,0,0,0,0,0,0,0,0,0,0,0,0,0,0,0,0,0,1
1983,41.641955,3.6243464,0,0,0,0,0,0,0,0,0,0,0,0,0,0,0,0,0,0,1
1984,43.343245,2.6709249,0,0,0,0,0,0,0,0,0,0,0,0,0,0,0,0,0,0,1
1985,43.683623,3.5993814,0,0,0,0,0,0,0,0,0,0,0,0,0,0,0,0,0,0,1
1986,44.036346,4.0123298,0,0,0,0,0,0,0,0,0,0,0,0,0,0,0,0,0,0,1
1987,43.347136,4.5620808,0,0,0,0,0,0,0,0,0,0,0,0,0,0,0,0,0,0,1
1988,41.259326,5.0321018,0,0,0,0,0,0,0,0,0,0,0,0,0,0,0,0,0,0,1
1989,37.565156,2.2814467,0,0,0,0,0,0,0,0,0,0,0,0,0,0,0,0,0,0,1
1990,33.839515,.77926615,0,0,0,0,0,0,0,0,0,0,0,0,0,0,0,0,0,0,1
1991,33.191072,-1.392439,0,0,0,0,0,0,0,0,0,0,0,0,0,0,0,0,0,0,1
1992,34.485597,.14663045,0,0,0,0,0,0,0,0,0,0,0,0,0,0,0,0,0,0,1
1993,38.037377,2.2222549,0,0,0,0,0,0,0,0,0,0,0,0,0,0,0,0,0,0,1
1994,44.28236,4.2801743,0,0,0,0,0,0,0,0,0,0,0,0,0,0,0,0,0,0,1
1995,47.617509,3.0427374,0,0,0,0,0,0,0,0,0,0,0,0,0,0,0,0,0,0,1
1996,49.976974,2.8792565,0,0,0,0,0,0,0,0,0,0,0,0,0,0,0,0,0,0,1
1997,50.541987,3.3071701,0,0,0,0,0,0,0,0,0,0,0,0,0,0,0,0,0,0,1
1998,47.597435,3.6057308,0,0,0,0,0,0,0,0,0,0,0,0,0,0,0,0,0,0,1
1999,45.39877,3.4732412,0,0,0,0,0,0,0,0,0,0,0,0,0,0,0,0,0,0,1
2000,43.648295,3.9150367,0,0,0,0,0,0,0,0,0,0,0,0,0,0,0,0,0,0,1
2001,41.685685,2.461832,0,0,0,0,0,0,0,0,0,0,0,0,0,0,0,0,0,0,1
2002,40.401501,2.0965328,0,0,0,0,0,0,0,0,0,0,0,0,0,0,0,0,0,0,1
2003,39.30753,2.8180221,0,0,0,0,0,0,0,0,0,0,0,0,0,0,0,0,0,0,1
2004,41.326811,2.7578074,0,0,0,0,0,0,0,0,0,0,0,0,0,0,0,0,0,0,1
2005,38.594645,2.0575865,0,0,0,0,0,0,0,0,0,0,0,0,0,0,0,0,0,0,1
2006,40.05129,2.8378383,0,0,0,0,0,0,0,0,0,0,0,0,0,0,0,0,0,0,1
2007,41.032826,3.0223821,0,0,0,0,0,0,0,0,0,0,0,0,0,0,0,0,0,0,1
2008,42.451819,.70691525,0,0,0,0,0,0,0,0,0,0,0,0,0,0,0,0,0,0,1
2009,54.954389,-4.4,0,0,0,0,0,0,0,0,0,0,0,0,0,0,0,0,0,0,1
1946,121.25207,-10.942159,0,0,0,0,0,0,0,0,0,0,0,0,0,0,0,0,0,0,0
1947,105.81171,-.89833724,0,0,0,0,0,0,0,0,0,0,0,0,0,0,0,0,0,0,0
1948,93.754086,4.3972749,0,0,0,0,0,0,0,0,0,0,0,0,0,0,0,0,0,0,0
1949,94.599686,-.51235034,0,0,0,0,0,0,0,0,0,0,0,0,0,0,0,0,0,0,0
1950,87.625929,8.7439692,0,0,0,0,0,0,0,0,0,0,0,0,0,0,0,0,0,0,0
1951,75.220152,7.7318046,0,0,0,0,0,0,0,0,0,0,0,0,0,0,0,0,0,0,0
1952,72.315149,3.8313822,0,0,0,0,0,0,0,0,0,0,0,0,0,0,0,0,0,0,0
1953,70.14792,4.603592,0,0,0,0,0,0,0,0,0,0,0,0,0,0,0,0,0,0,0
1954,71.309043,-.63053851,0,0,0,0,0,0,0,0,0,0,0,0,0,0,0,0,0,0,0
1955,66.162099,7.1985937,0,0,0,0,0,0,0,0,0,0,0,0,0,0,0,0,0,0,0
1956,62.357296,1.9757629,0,0,0,0,0,0,0,0,0,0,0,0,0,0,0,0,0,0,0
1957,58.669957,2.0159234,0,0,0,0,0,0,0,0,0,0,0,0,0,0,0,0,0,0,0
1958,59.148805,-.90346392,0,0,0,0,0,0,0,0,0,0,0,0,0,0,0,0,0,0,0
1959,56.19935,7.1733395,0,0,0,0,0,0,0,0,0,0,0,0,0,0,0,0,0,0,0
1960,54.394141,2.4760181,0,0,0,0,0,0,0,0,0,0,0,0,0,0,0,0,0,0,0
1961,53.041655,2.331414,0,0,0,0,0,0,0,0,0,0,0,0,0,0,0,0,0,0,0
1962,50.913577,6.0582001,0,0,0,0,0,0,0,0,0,0,0,0,0,0,0,0,0,0,0
1963,49.507872,4.3711756,0,0,0,0,0,0,0,0,0,0,0,0,0,0,0,0,0,0,0
1964,46.973011,5.7878816,0,0,0,0,0,0,0,0,0,0,0,0,0,0,0,0,0,0,0
1965,44.120971,6.4204227,0,0,0,0,0,0,0,0,0,0,0,0,0,0,0,0,0,0,0
1966,40.612808,6.515055,0,0,0,0,0,0,0,0,0,0,0,0,0,0,0,0,0,0,0
1967,39.190406,2.5277612,0,0,0,0,0,0,0,0,0,0,0,0,0,0,0,0,0,0,0
1968,38.203826,4.8421053,0,0,0,0,0,0,0,0,0,0,0,0,0,0,0,0,0,0,0
1969,35.932574,3.1064015,0,0,0,0,0,0,0,0,0,0,0,0,0,0,0,0,0,0,0
1970,35.723655,.19006054,0,0,0,0,0,0,0,0,0,0,0,0,0,0,0,0,0,0,0
1971,35.332778,3.3583925,0,0,0,0,0,0,0,0,0,0,0,0,0,0,0,0,0,0,0
1972,34.514942,5.3112184,0,0,0,0,0,0,0,0,0,0,0,0,0,0,0,0,0,0,0
1973,33.143428,5.7942638,0,0,0,0,0,0,0,0,0,0,0,0,0,0,0,0,0,0,0
1974,31.681215,-.55114907,0,0,0,0,0,0,0,0,0,0,0,0,0,0,0,0,0,0,0
1975,32.557184,-.21268329,0,0,0,0,0,0,0,0,0,0,0,0,0,0,0,0,0,0,0
1976,34.003782,5.3653038,0,0,0,0,0,0,0,0,0,0,0,0,0,0,0,0,0,0,0
1977,34.42392,4.5980589,0,0,0,0,0,0,0,0,0,0,0,0,0,0,0,0,0,0,0
1978,33.636062,5.5767335,0,0,0,0,0,0,0,0,0,0,0,0,0,0,0,0,0,0,0
1979,32.258177,3.1245597,0,0,0,0,0,0,0,0,0,0,0,0,0,0,0,0,0,0,0
1980,32.556257,-.27327071,0,0,0,0,0,0,0,0,0,0,0,0,0,0,0,0,0,0,0
1981,31.912978,2.5381058,0,0,0,0,0,0,0,0,0,0,0,0,0,0,0,0,0,0,0
1982,35.104943,-1.9424773,0,0,0,0,0,0,0,0,0,0,0,0,0,0,0,0,0,0,0
1983,38.963673,4.5188983,0,0,0,0,0,0,0,0,0,0,0,0,0,0,0,0,0,0,0
1984,39.997609,7.1852286,0,0,0,0,0,0,0,0,0,0,0,0,0,0,0,0,0,0,0
1985,43.227101,4.1386021,0,0,0,0,0,0,0,0,0,0,0,0,0,0,0,0,0,0,0
1986,47.651457,3.4631276,0,0,0,0,0,0,0,0,0,0,0,0,0,0,0,0,0,0,0
1987,49.621588,3.2004516,0,0,0,0,0,0,0,0,0,0,0,0,0,0,0,0,0,0,0
1988,51.022228,4.1103196,0,0,0,0,0,0,0,0,0,0,0,0,0,0,0,0,0,0,0
1989,52.122927,3.5724136,0,0,0,0,0,0,0,0,0,0,0,0,0,0,0,0,0,0,0
1990,55.741978,1.8767674,0,0,0,0,0,0,0,0,0,0,0,0,0,0,0,0,0,0,0
1991,61.168928,-.23400839,0,0,0,0,0,0,0,0,0,0,0,0,0,0,0,0,0,0,0
1992,64.087486,3.3935946,0,0,0,0,0,0,0,0,0,0,0,0,0,0,0,0,0,0,0
1993,66.165055,2.8514197,0,0,0,0,0,0,0,0,0,0,0,0,0,0,0,0,0,0,0
1994,66.233133,4.074665,0,0,0,0,0,0,0,0,0,0,0,0,0,0,0,0,0,0,0
1995,67.082726,2.5138941,0,0,0,0,0,0,0,0,0,0,0,0,0,0,0,0,0,0,0
1996,66.65575,3.7410515,0,0,0,0,0,0,0,0,0,0,0,0,0,0,0,0,0,0,0
1997,64.965028,4.4562694,0,0,0,0,0,0,0,0,0,0,0,0,0,0,0,0,0,0,0
1998,62.844067,4.355459,0,0,0,0,0,0,0,0,0,0,0,0,0,0,0,0,0,0,0
1999,60.472239,4.8261779,0,0,0,0,0,0,0,0,0,0,0,0,0,0,0,0,0,0,0
2000,57.018321,4.1392234,0,0,0,0,0,0,0,0,0,0,0,0,0,0,0,0,0,0,0
2001,56.458784,1.0796366,0,0,0,0,0,0,0,0,0,0,0,0,0,0,0,0,0,0,0
2002,58.523402,1.8136633,0,0,0,0,0,0,0,0,0,0,0,0,0,0,0,0,0,0,0
2003,60.879287,2.4902623,0,0,0,0,0,0,0,0,0,0,0,0,0,0,0,0,0,0,0
2004,62.17709,3.5732685,0,0,0,0,0,0,0,0,0,0,0,0,0,0,0,0,0,0,0
2005,62.766724,3.0545182,0,0,0,0,0,0,0,0,0,0,0,0,0,0,0,0,0,0,0
2006,63.489973,2.6728067,0,0,0,0,0,0,0,0,0,0,0,0,0,0,0,0,0,0,0
2007,63.985488,2.1416131,0,0,0,0,0,0,0,0,0,0,0,0,0,0,0,0,0,0,0
2008,74.091061,.4381663,0,0,0,0,0,0,0,0,0,0,0,0,0,0,0,0,0,0,0
2009,83.482835,-2.7301699,0,0,0,0,0,0,0,0,0,0,0,0,0,0,0,0,0,0,0
